64 32 16
3 5
2 2 2 2 2 2 2 2 2 2 2 2 2 2 2 2 3 3 3 3 3 3 3 3 3 3 3 3 3 3 3 3 2 2 2 2 2 2 2 2 2 2 2 2 2 2 2 2 2 2 2 2 2 2 2 2 2 2 2 2 2 2 2 2 
5 5 5 5 5 5 5 5 5 5 5 5 5 5 5 5 4 4 4 4 4 4 4 4 4 4 4 4 4 4 4 4 
4 15 26 1 
5 3 27 10 
6 2 28 12 
7 5 29 2 
8 1 30 15 
1 1 31 10 
2 10 32 15 
3 15 25 15 
13 11 19 6 
14 6 20 10 
15 10 21 3 
16 15 22 10 
9 10 23 4 
10 14 24 2 
11 4 17 12 
12 15 18 15 
5 15 15 2 20 4 
6 5 16 5 21 14 
7 6 9 2 22 15 
8 14 10 5 23 6 
1 8 11 14 24 6 
2 13 12 13 17 13 
3 3 13 3 18 5 
4 10 14 1 19 15 
2 8 9 14 30 5 
3 13 10 13 31 6 
4 1 11 13 32 5 
5 13 12 5 25 2 
6 11 13 13 26 11 
7 7 14 4 27 6 
8 8 15 13 28 10 
1 14 16 3 29 15 
2 11 21 1 
3 5 22 6 
4 8 23 13 
5 5 24 15 
6 8 17 7 
7 15 18 1 
8 11 19 5 
1 12 20 12 
10 12 32 3 
11 10 25 10 
12 6 26 14 
13 7 27 15 
14 14 28 4 
15 6 29 6 
16 1 30 6 
9 13 31 2 
2 1 20 13 
3 2 21 5 
4 6 22 2 
5 4 23 10 
6 15 24 10 
7 2 17 4 
8 6 18 3 
1 7 19 2 
10 4 29 10 
11 12 30 2 
12 2 31 15 
13 2 32 1 
14 11 25 6 
15 7 26 3 
16 12 27 2 
9 6 28 13 
6 1 21 8 32 14 40 12 56 7 
7 10 22 13 25 8 33 11 49 1 
8 15 23 3 26 13 34 5 50 2 
1 15 24 10 27 1 35 8 51 6 
2 3 17 15 28 13 36 5 52 4 
3 2 18 5 29 11 37 8 53 15 
4 5 19 6 30 7 38 15 54 2 
5 1 20 14 31 8 39 11 55 6 
13 10 19 2 25 14 48 13 64 6 
14 14 20 5 26 13 41 12 57 4 
15 4 21 14 27 13 42 10 58 12 
16 15 22 13 28 5 43 6 59 2 
9 11 23 3 29 13 44 7 60 2 
10 6 24 1 30 4 45 14 61 11 
11 10 17 2 31 13 46 6 62 7 
12 15 18 5 32 3 47 1 63 12 
15 12 22 13 37 7 54 4 
16 15 23 5 38 1 55 3 
9 6 24 15 39 5 56 2 
10 10 17 4 40 12 49 13 
11 3 18 14 33 1 50 5 
12 10 19 15 34 6 51 2 
13 4 20 6 35 13 52 10 
14 2 21 6 36 15 53 10 
8 15 28 2 42 10 61 6 
1 1 29 11 43 14 62 3 
2 10 30 6 44 15 63 2 
3 12 31 10 45 4 64 13 
4 2 32 15 46 6 57 10 
5 15 25 5 47 6 58 2 
6 10 26 6 48 2 59 15 
7 15 27 5 41 3 60 1 
