32 16 16
3 5
3 3 3 3 3 3 3 3 3 3 3 3 3 3 3 3 2 2 2 2 2 2 2 2 2 2 2 2 2 2 2 2 
5 5 5 5 5 5 5 5 5 5 5 5 5 5 5 5 
3 12 6 6 13 6 
4 12 7 2 14 3 
1 3 8 2 15 4 
2 12 5 11 16 7 
2 15 7 3 9 15 
3 8 8 6 10 5 
4 4 5 8 11 15 
1 7 6 10 12 7 
7 5 10 4 13 1 
8 7 11 5 14 13 
5 15 12 12 15 12 
6 15 9 12 16 13 
2 7 12 4 13 15 
3 14 9 2 14 7 
4 1 10 10 15 11 
1 15 11 4 16 11 
4 10 6 5 
1 5 7 15 
2 2 8 15 
3 7 5 1 
12 3 14 11 
9 10 15 1 
10 13 16 8 
11 6 13 2 
2 4 11 1 
3 1 12 13 
4 15 9 4 
1 2 10 6 
6 2 15 14 
7 6 16 1 
8 12 13 10 
5 10 14 4 
3 3 8 7 16 15 18 5 28 2 
4 12 5 15 13 7 19 2 25 4 
1 12 6 8 14 14 20 7 26 1 
2 12 7 4 15 1 17 10 27 15 
4 11 7 8 11 15 20 1 32 10 
1 6 8 10 12 15 17 5 29 2 
2 2 5 3 9 5 18 15 30 6 
3 2 6 6 10 7 19 15 31 12 
5 15 12 12 14 2 22 10 27 4 
6 5 9 4 15 10 23 13 28 6 
7 15 10 5 16 4 24 6 25 1 
8 7 11 12 13 4 21 3 26 13 
1 6 9 1 13 15 24 2 31 10 
2 3 10 13 14 7 21 11 32 4 
3 4 11 12 15 11 22 1 29 14 
4 7 12 13 16 11 23 8 30 1 
