64 32 256
2 4
2 2 2 2 2 2 2 2 2 2 2 2 2 2 2 2 2 2 2 2 2 2 2 2 2 2 2 2 2 2 2 2 2 2 2 2 2 2 2 2 2 2 2 2 2 2 2 2 2 2 2 2 2 2 2 2 2 2 2 2 2 2 2 2 
4 4 4 4 4 4 4 4 4 4 4 4 4 4 4 4 4 4 4 4 4 4 4 4 4 4 4 4 4 4 4 4 
1 1 31 225 
2 1 32 225 
3 1 17 225 
4 1 18 225 
5 1 19 225 
6 1 20 225 
7 1 21 225 
8 1 22 225 
9 1 23 225 
10 1 24 225 
11 1 25 225 
12 1 26 225 
13 1 27 225 
14 1 28 225 
15 1 29 225 
16 1 30 225 
10 253 17 58 
11 253 18 58 
12 253 19 58 
13 253 20 58 
14 253 21 58 
15 253 22 58 
16 253 23 58 
1 253 24 58 
2 253 25 58 
3 253 26 58 
4 253 27 58 
5 253 28 58 
6 253 29 58 
7 253 30 58 
8 253 31 58 
9 253 32 58 
5 254 17 1 
6 254 18 1 
7 254 19 1 
8 254 20 1 
9 254 21 1 
10 254 22 1 
11 254 23 1 
12 254 24 1 
13 254 25 1 
14 254 26 1 
15 254 27 1 
16 254 28 1 
1 254 29 1 
2 254 30 1 
3 254 31 1 
4 254 32 1 
9 29 17 231 
10 29 18 231 
11 29 19 231 
12 29 20 231 
13 29 21 231 
14 29 22 231 
15 29 23 231 
16 29 24 231 
1 29 25 231 
2 29 26 231 
3 29 27 231 
4 29 28 231 
5 29 29 231 
6 29 30 231 
7 29 31 231 
8 29 32 231 
1 1 24 253 45 254 57 29 
2 1 25 253 46 254 58 29 
3 1 26 253 47 254 59 29 
4 1 27 253 48 254 60 29 
5 1 28 253 33 254 61 29 
6 1 29 253 34 254 62 29 
7 1 30 253 35 254 63 29 
8 1 31 253 36 254 64 29 
9 1 32 253 37 254 49 29 
10 1 17 253 38 254 50 29 
11 1 18 253 39 254 51 29 
12 1 19 253 40 254 52 29 
13 1 20 253 41 254 53 29 
14 1 21 253 42 254 54 29 
15 1 22 253 43 254 55 29 
16 1 23 253 44 254 56 29 
3 225 17 58 33 1 49 231 
4 225 18 58 34 1 50 231 
5 225 19 58 35 1 51 231 
6 225 20 58 36 1 52 231 
7 225 21 58 37 1 53 231 
8 225 22 58 38 1 54 231 
9 225 23 58 39 1 55 231 
10 225 24 58 40 1 56 231 
11 225 25 58 41 1 57 231 
12 225 26 58 42 1 58 231 
13 225 27 58 43 1 59 231 
14 225 28 58 44 1 60 231 
15 225 29 58 45 1 61 231 
16 225 30 58 46 1 62 231 
1 225 31 58 47 1 63 231 
2 225 32 58 48 1 64 231 
