32 16 256
2 4
2 2 2 2 2 2 2 2 2 2 2 2 2 2 2 2 2 2 2 2 2 2 2 2 2 2 2 2 2 2 2 2 
4 4 4 4 4 4 4 4 4 4 4 4 4 4 4 4 
1 1 16 177 
2 1 9 223 
3 1 10 163 
4 1 11 163 
5 1 12 196 
6 1 13 177 
7 1 14 127 
8 1 15 170 
6 29 9 231 
7 29 10 231 
8 29 11 211 
1 29 12 246 
2 29 13 101 
3 29 14 101 
4 29 15 101 
5 29 16 101 
3 253 9 58 
4 253 10 58 
5 231 11 58 
6 231 12 58 
7 231 13 116 
8 211 14 116 
1 253 15 116 
2 253 16 232 
5 225 9 1 
6 223 10 1 
7 163 11 1 
8 223 12 1 
1 254 13 1 
2 225 14 1 
3 223 15 1 
4 163 16 1 
1 1 12 29 23 253 29 254 
2 1 13 29 24 253 30 225 
3 1 14 29 17 253 31 223 
4 1 15 29 18 253 32 163 
5 1 16 29 19 231 25 225 
6 1 9 29 20 231 26 223 
7 1 10 29 21 231 27 163 
8 1 11 29 22 211 28 223 
2 223 9 231 17 58 25 1 
3 163 10 231 18 58 26 1 
4 163 11 211 19 58 27 1 
5 196 12 246 20 58 28 1 
6 177 13 101 21 116 29 1 
7 127 14 101 22 116 30 1 
8 170 15 101 23 116 31 1 
1 177 16 101 24 232 32 1 
