128 64 16
3 5
2 2 2 2 2 2 2 2 2 2 2 2 2 2 2 2 2 2 2 2 2 2 2 2 2 2 2 2 2 2 2 2 3 3 3 3 3 3 3 3 3 3 3 3 3 3 3 3 3 3 3 3 3 3 3 3 3 3 3 3 3 3 3 3 2 2 2 2 2 2 2 2 2 2 2 2 2 2 2 2 2 2 2 2 2 2 2 2 2 2 2 2 2 2 2 2 2 2 2 2 2 2 2 2 2 2 2 2 2 2 2 2 2 2 2 2 2 2 2 2 2 2 2 2 2 2 2 2 
5 5 5 5 5 5 5 5 5 5 5 5 5 5 5 5 5 5 5 5 5 5 5 5 5 5 5 5 5 5 5 5 4 4 4 4 4 4 4 4 4 4 4 4 4 4 4 4 4 4 4 4 4 4 4 4 4 4 4 4 4 4 4 4 
7 4 51 7 
8 3 52 15 
9 8 53 15 
10 10 54 2 
11 3 55 3 
12 3 56 14 
13 2 57 2 
14 4 58 3 
15 3 59 13 
16 1 60 14 
1 10 61 6 
2 3 62 4 
3 11 63 4 
4 12 64 6 
5 10 49 10 
6 1 50 14 
24 14 36 10 
25 8 37 3 
26 2 38 10 
27 2 39 4 
28 10 40 2 
29 15 41 15 
30 7 42 1 
31 3 43 10 
32 2 44 12 
17 8 45 2 
18 4 46 15 
19 7 47 10 
20 12 48 15 
21 3 33 12 
22 8 34 15 
23 14 35 6 
9 14 29 2 40 6 
10 6 30 12 41 2 
11 11 31 5 42 11 
12 15 32 14 43 6 
13 10 17 12 44 10 
14 1 18 7 45 15 
15 1 19 11 46 5 
16 12 20 7 47 6 
1 1 21 2 48 5 
2 14 22 5 33 13 
3 12 23 3 34 5 
4 10 24 4 35 15 
5 4 25 13 36 4 
6 8 26 6 37 14 
7 7 27 13 38 15 
8 5 28 6 39 6 
3 14 32 11 58 15 
4 8 17 11 59 12 
5 12 18 12 60 3 
6 14 19 12 61 13 
7 5 20 4 62 6 
8 13 21 10 63 13 
9 6 22 12 64 5 
10 2 23 5 49 13 
11 1 24 13 50 3 
12 11 25 10 51 13 
13 15 26 1 52 2 
14 5 27 14 53 10 
15 12 28 12 54 10 
16 14 29 6 55 5 
1 8 30 14 56 3 
2 15 31 14 57 15 
3 1 41 10 
4 2 42 14 
5 8 43 15 
6 5 44 4 
7 12 45 6 
8 14 46 6 
9 10 47 2 
10 5 48 3 
11 4 33 7 
12 2 34 1 
13 11 35 5 
14 6 36 12 
15 10 37 1 
16 8 38 6 
1 11 39 13 
2 1 40 15 
18 13 51 12 
19 13 52 6 
20 13 53 6 
21 12 54 6 
22 15 55 14 
23 2 56 5 
24 11 57 5 
25 2 58 5 
26 10 59 4 
27 11 60 5 
28 13 61 10 
29 1 62 13 
30 8 63 10 
31 8 64 2 
32 15 49 12 
17 1 50 11 
3 8 42 3 
4 15 43 2 
5 13 44 13 
6 12 45 10 
7 13 46 2 
8 2 47 15 
9 1 48 1 
10 13 33 4 
11 14 34 3 
12 7 35 2 
13 3 36 13 
14 14 37 5 
15 14 38 2 
16 5 39 10 
1 15 40 10 
2 5 41 6 
19 4 58 1 
20 10 59 10 
21 15 60 1 
22 2 61 2 
23 1 62 10 
24 6 63 12 
25 12 64 15 
26 14 49 4 
27 3 50 1 
28 2 51 4 
29 5 52 5 
30 1 53 2 
31 1 54 13 
32 3 55 1 
17 14 56 1 
18 5 57 3 
11 10 41 1 63 8 79 11 111 15 
12 3 42 14 64 15 80 1 112 5 
13 11 43 12 49 14 65 1 97 8 
14 12 44 10 50 8 66 2 98 15 
15 10 45 4 51 12 67 8 99 13 
16 1 46 8 52 14 68 5 100 12 
1 4 47 7 53 5 69 12 101 13 
2 3 48 5 54 13 70 14 102 2 
3 8 33 14 55 6 71 10 103 1 
4 10 34 6 56 2 72 5 104 13 
5 3 35 11 57 1 73 4 105 14 
6 3 36 15 58 11 74 2 106 7 
7 2 37 10 59 15 75 11 107 3 
8 4 38 1 60 5 76 6 108 14 
9 3 39 1 61 12 77 10 109 14 
10 1 40 12 62 14 78 8 110 5 
26 8 37 12 50 11 96 1 127 14 
27 4 38 7 51 12 81 13 128 5 
28 7 39 11 52 12 82 13 113 4 
29 12 40 7 53 4 83 13 114 10 
30 3 41 2 54 10 84 12 115 15 
31 8 42 5 55 12 85 15 116 2 
32 14 43 3 56 5 86 2 117 1 
17 14 44 4 57 13 87 11 118 6 
18 8 45 13 58 10 88 2 119 12 
19 2 46 6 59 1 89 10 120 14 
20 2 47 13 60 14 90 11 121 3 
21 10 48 6 61 12 91 13 122 2 
22 15 33 2 62 6 92 1 123 5 
23 7 34 12 63 14 93 8 124 1 
24 3 35 5 64 14 94 8 125 1 
25 2 36 14 49 11 95 15 126 3 
30 12 42 13 73 7 104 4 
31 15 43 5 74 1 105 3 
32 6 44 15 75 5 106 2 
17 10 45 4 76 12 107 13 
18 3 46 14 77 1 108 5 
19 10 47 15 78 6 109 2 
20 4 48 6 79 13 110 10 
21 2 33 6 80 15 111 10 
22 15 34 2 65 10 112 6 
23 1 35 11 66 14 97 3 
24 10 36 6 67 15 98 2 
25 12 37 10 68 4 99 13 
26 2 38 15 69 6 100 10 
27 15 39 5 70 6 101 2 
28 10 40 6 71 2 102 15 
29 15 41 5 72 3 103 1 
15 10 56 13 95 12 120 4 
16 14 57 3 96 11 121 1 
1 7 58 13 81 12 122 4 
2 15 59 2 82 6 123 5 
3 15 60 10 83 6 124 2 
4 2 61 10 84 6 125 13 
5 3 62 5 85 14 126 1 
6 14 63 3 86 5 127 1 
7 2 64 15 87 5 128 3 
8 3 49 15 88 5 113 1 
9 13 50 12 89 4 114 10 
10 14 51 3 90 5 115 1 
11 6 52 13 91 10 116 2 
12 4 53 6 92 13 117 10 
13 4 54 13 93 10 118 12 
14 6 55 5 94 2 119 15 
