32 16 256
2 4
2 2 2 2 2 2 2 2 2 2 2 2 2 2 2 2 2 2 2 2 2 2 2 2 2 2 2 2 2 2 2 2 
4 4 4 4 4 4 4 4 4 4 4 4 4 4 4 4 
1 1 16 225 
2 1 9 225 
3 1 10 225 
4 1 11 225 
5 1 12 225 
6 1 13 225 
7 1 14 225 
8 1 15 225 
6 253 9 58 
7 253 10 58 
8 253 11 58 
1 253 12 58 
2 253 13 58 
3 253 14 58 
4 253 15 58 
5 253 16 58 
3 254 9 1 
4 254 10 1 
5 254 11 1 
6 254 12 1 
7 254 13 1 
8 254 14 1 
1 254 15 1 
2 254 16 1 
5 29 9 231 
6 29 10 231 
7 29 11 231 
8 29 12 231 
1 29 13 231 
2 29 14 231 
3 29 15 231 
4 29 16 231 
1 1 12 253 23 254 29 29 
2 1 13 253 24 254 30 29 
3 1 14 253 17 254 31 29 
4 1 15 253 18 254 32 29 
5 1 16 253 19 254 25 29 
6 1 9 253 20 254 26 29 
7 1 10 253 21 254 27 29 
8 1 11 253 22 254 28 29 
2 225 9 58 17 1 25 231 
3 225 10 58 18 1 26 231 
4 225 11 58 19 1 27 231 
5 225 12 58 20 1 28 231 
6 225 13 58 21 1 29 231 
7 225 14 58 22 1 30 231 
8 225 15 58 23 1 31 231 
1 225 16 58 24 1 32 231 
