64 32 256
2 4
2 2 2 2 2 2 2 2 2 2 2 2 2 2 2 2 2 2 2 2 2 2 2 2 2 2 2 2 2 2 2 2 2 2 2 2 2 2 2 2 2 2 2 2 2 2 2 2 2 2 2 2 2 2 2 2 2 2 2 2 2 2 2 2 
4 4 4 4 4 4 4 4 4 4 4 4 4 4 4 4 4 4 4 4 4 4 4 4 4 4 4 4 4 4 4 4 
1 1 31 126 
2 1 32 252 
3 1 17 223 
4 1 18 163 
5 1 19 163 
6 1 20 196 
7 1 21 177 
8 1 22 127 
9 1 23 170 
10 1 24 177 
11 1 25 127 
12 1 26 127 
13 1 27 254 
14 1 28 202 
15 1 29 137 
16 1 30 63 
10 29 17 231 
11 29 18 231 
12 29 19 211 
13 29 20 246 
14 29 21 101 
15 29 22 101 
16 29 23 101 
1 29 24 101 
2 29 25 101 
3 29 26 202 
4 29 27 202 
5 29 28 93 
6 29 29 186 
7 29 30 102 
8 29 31 102 
9 29 32 102 
5 231 17 58 
6 231 18 58 
7 231 19 58 
8 211 20 58 
9 211 21 116 
10 187 22 116 
11 123 23 116 
12 123 24 232 
13 123 25 232 
14 246 26 232 
15 246 27 232 
16 241 28 19 
1 253 29 38 
2 253 30 106 
3 253 31 106 
4 253 32 106 
9 163 17 1 
10 163 18 1 
11 49 19 1 
12 98 20 1 
13 196 21 1 
14 98 22 1 
15 196 23 1 
16 196 24 1 
1 254 25 1 
2 225 26 1 
3 223 27 1 
4 163 28 1 
5 225 29 1 
6 223 30 1 
7 163 31 1 
8 223 32 1 
1 1 24 29 45 253 57 254 
2 1 25 29 46 253 58 225 
3 1 26 29 47 253 59 223 
4 1 27 29 48 253 60 163 
5 1 28 29 33 231 61 225 
6 1 29 29 34 231 62 223 
7 1 30 29 35 231 63 163 
8 1 31 29 36 211 64 223 
9 1 32 29 37 211 49 163 
10 1 17 29 38 187 50 163 
11 1 18 29 39 123 51 49 
12 1 19 29 40 123 52 98 
13 1 20 29 41 123 53 196 
14 1 21 29 42 246 54 98 
15 1 22 29 43 246 55 196 
16 1 23 29 44 241 56 196 
3 223 17 231 33 58 49 1 
4 163 18 231 34 58 50 1 
5 163 19 211 35 58 51 1 
6 196 20 246 36 58 52 1 
7 177 21 101 37 116 53 1 
8 127 22 101 38 116 54 1 
9 170 23 101 39 116 55 1 
10 177 24 101 40 232 56 1 
11 127 25 101 41 232 57 1 
12 127 26 202 42 232 58 1 
13 254 27 202 43 232 59 1 
14 202 28 93 44 19 60 1 
15 137 29 186 45 38 61 1 
16 63 30 102 46 106 62 1 
1 126 31 102 47 106 63 1 
2 252 32 102 48 106 64 1 
