GF(128) with Primitive Polynomial: 137 
A^0 --> order: 0	poly: 1
1 0 0 0 0 0 0 
0 1 0 0 0 0 0 
0 0 1 0 0 0 0 
0 0 0 1 0 0 0 
0 0 0 0 1 0 0 
0 0 0 0 0 1 0 
0 0 0 0 0 0 1 
A^1 --> order: 1	poly: 2
0 1 0 0 0 0 0 
0 0 1 0 0 0 0 
0 0 0 1 0 0 0 
0 0 0 0 1 0 0 
0 0 0 0 0 1 0 
0 0 0 0 0 0 1 
1 0 0 1 0 0 0 
A^2 --> order: 2	poly: 4
0 0 1 0 0 0 0 
0 0 0 1 0 0 0 
0 0 0 0 1 0 0 
0 0 0 0 0 1 0 
0 0 0 0 0 0 1 
1 0 0 1 0 0 0 
0 1 0 0 1 0 0 
A^3 --> order: 3	poly: 8
0 0 0 1 0 0 0 
0 0 0 0 1 0 0 
0 0 0 0 0 1 0 
0 0 0 0 0 0 1 
1 0 0 1 0 0 0 
0 1 0 0 1 0 0 
0 0 1 0 0 1 0 
A^4 --> order: 4	poly: 16
0 0 0 0 1 0 0 
0 0 0 0 0 1 0 
0 0 0 0 0 0 1 
1 0 0 1 0 0 0 
0 1 0 0 1 0 0 
0 0 1 0 0 1 0 
0 0 0 1 0 0 1 
A^5 --> order: 5	poly: 32
0 0 0 0 0 1 0 
0 0 0 0 0 0 1 
1 0 0 1 0 0 0 
0 1 0 0 1 0 0 
0 0 1 0 0 1 0 
0 0 0 1 0 0 1 
1 0 0 1 1 0 0 
A^6 --> order: 6	poly: 64
0 0 0 0 0 0 1 
1 0 0 1 0 0 0 
0 1 0 0 1 0 0 
0 0 1 0 0 1 0 
0 0 0 1 0 0 1 
1 0 0 1 1 0 0 
0 1 0 0 1 1 0 
A^7 --> order: 7	poly: 9
1 0 0 1 0 0 0 
0 1 0 0 1 0 0 
0 0 1 0 0 1 0 
0 0 0 1 0 0 1 
1 0 0 1 1 0 0 
0 1 0 0 1 1 0 
0 0 1 0 0 1 1 
A^8 --> order: 8	poly: 18
0 1 0 0 1 0 0 
0 0 1 0 0 1 0 
0 0 0 1 0 0 1 
1 0 0 1 1 0 0 
0 1 0 0 1 1 0 
0 0 1 0 0 1 1 
1 0 0 0 0 0 1 
A^9 --> order: 9	poly: 36
0 0 1 0 0 1 0 
0 0 0 1 0 0 1 
1 0 0 1 1 0 0 
0 1 0 0 1 1 0 
0 0 1 0 0 1 1 
1 0 0 0 0 0 1 
1 1 0 1 0 0 0 
A^10 --> order: 10	poly: 72
0 0 0 1 0 0 1 
1 0 0 1 1 0 0 
0 1 0 0 1 1 0 
0 0 1 0 0 1 1 
1 0 0 0 0 0 1 
1 1 0 1 0 0 0 
0 1 1 0 1 0 0 
A^11 --> order: 11	poly: 25
1 0 0 1 1 0 0 
0 1 0 0 1 1 0 
0 0 1 0 0 1 1 
1 0 0 0 0 0 1 
1 1 0 1 0 0 0 
0 1 1 0 1 0 0 
0 0 1 1 0 1 0 
A^12 --> order: 12	poly: 50
0 1 0 0 1 1 0 
0 0 1 0 0 1 1 
1 0 0 0 0 0 1 
1 1 0 1 0 0 0 
0 1 1 0 1 0 0 
0 0 1 1 0 1 0 
0 0 0 1 1 0 1 
A^13 --> order: 13	poly: 100
0 0 1 0 0 1 1 
1 0 0 0 0 0 1 
1 1 0 1 0 0 0 
0 1 1 0 1 0 0 
0 0 1 1 0 1 0 
0 0 0 1 1 0 1 
1 0 0 1 1 1 0 
A^14 --> order: 14	poly: 65
1 0 0 0 0 0 1 
1 1 0 1 0 0 0 
0 1 1 0 1 0 0 
0 0 1 1 0 1 0 
0 0 0 1 1 0 1 
1 0 0 1 1 1 0 
0 1 0 0 1 1 1 
A^15 --> order: 15	poly: 11
1 1 0 1 0 0 0 
0 1 1 0 1 0 0 
0 0 1 1 0 1 0 
0 0 0 1 1 0 1 
1 0 0 1 1 1 0 
0 1 0 0 1 1 1 
1 0 1 1 0 1 1 
A^16 --> order: 16	poly: 22
0 1 1 0 1 0 0 
0 0 1 1 0 1 0 
0 0 0 1 1 0 1 
1 0 0 1 1 1 0 
0 1 0 0 1 1 1 
1 0 1 1 0 1 1 
1 1 0 0 1 0 1 
A^17 --> order: 17	poly: 44
0 0 1 1 0 1 0 
0 0 0 1 1 0 1 
1 0 0 1 1 1 0 
0 1 0 0 1 1 1 
1 0 1 1 0 1 1 
1 1 0 0 1 0 1 
1 1 1 1 0 1 0 
A^18 --> order: 18	poly: 88
0 0 0 1 1 0 1 
1 0 0 1 1 1 0 
0 1 0 0 1 1 1 
1 0 1 1 0 1 1 
1 1 0 0 1 0 1 
1 1 1 1 0 1 0 
0 1 1 1 1 0 1 
A^19 --> order: 19	poly: 57
1 0 0 1 1 1 0 
0 1 0 0 1 1 1 
1 0 1 1 0 1 1 
1 1 0 0 1 0 1 
1 1 1 1 0 1 0 
0 1 1 1 1 0 1 
1 0 1 0 1 1 0 
A^20 --> order: 20	poly: 114
0 1 0 0 1 1 1 
1 0 1 1 0 1 1 
1 1 0 0 1 0 1 
1 1 1 1 0 1 0 
0 1 1 1 1 0 1 
1 0 1 0 1 1 0 
0 1 0 1 0 1 1 
A^21 --> order: 21	poly: 109
1 0 1 1 0 1 1 
1 1 0 0 1 0 1 
1 1 1 1 0 1 0 
0 1 1 1 1 0 1 
1 0 1 0 1 1 0 
0 1 0 1 0 1 1 
1 0 1 1 1 0 1 
A^22 --> order: 22	poly: 83
1 1 0 0 1 0 1 
1 1 1 1 0 1 0 
0 1 1 1 1 0 1 
1 0 1 0 1 1 0 
0 1 0 1 0 1 1 
1 0 1 1 1 0 1 
1 1 0 0 1 1 0 
A^23 --> order: 23	poly: 47
1 1 1 1 0 1 0 
0 1 1 1 1 0 1 
1 0 1 0 1 1 0 
0 1 0 1 0 1 1 
1 0 1 1 1 0 1 
1 1 0 0 1 1 0 
0 1 1 0 0 1 1 
A^24 --> order: 24	poly: 94
0 1 1 1 1 0 1 
1 0 1 0 1 1 0 
0 1 0 1 0 1 1 
1 0 1 1 1 0 1 
1 1 0 0 1 1 0 
0 1 1 0 0 1 1 
1 0 1 0 0 0 1 
A^25 --> order: 25	poly: 53
1 0 1 0 1 1 0 
0 1 0 1 0 1 1 
1 0 1 1 1 0 1 
1 1 0 0 1 1 0 
0 1 1 0 0 1 1 
1 0 1 0 0 0 1 
1 1 0 0 0 0 0 
A^26 --> order: 26	poly: 106
0 1 0 1 0 1 1 
1 0 1 1 1 0 1 
1 1 0 0 1 1 0 
0 1 1 0 0 1 1 
1 0 1 0 0 0 1 
1 1 0 0 0 0 0 
0 1 1 0 0 0 0 
A^27 --> order: 27	poly: 93
1 0 1 1 1 0 1 
1 1 0 0 1 1 0 
0 1 1 0 0 1 1 
1 0 1 0 0 0 1 
1 1 0 0 0 0 0 
0 1 1 0 0 0 0 
0 0 1 1 0 0 0 
A^28 --> order: 28	poly: 51
1 1 0 0 1 1 0 
0 1 1 0 0 1 1 
1 0 1 0 0 0 1 
1 1 0 0 0 0 0 
0 1 1 0 0 0 0 
0 0 1 1 0 0 0 
0 0 0 1 1 0 0 
A^29 --> order: 29	poly: 102
0 1 1 0 0 1 1 
1 0 1 0 0 0 1 
1 1 0 0 0 0 0 
0 1 1 0 0 0 0 
0 0 1 1 0 0 0 
0 0 0 1 1 0 0 
0 0 0 0 1 1 0 
A^30 --> order: 30	poly: 69
1 0 1 0 0 0 1 
1 1 0 0 0 0 0 
0 1 1 0 0 0 0 
0 0 1 1 0 0 0 
0 0 0 1 1 0 0 
0 0 0 0 1 1 0 
0 0 0 0 0 1 1 
A^31 --> order: 31	poly: 3
1 1 0 0 0 0 0 
0 1 1 0 0 0 0 
0 0 1 1 0 0 0 
0 0 0 1 1 0 0 
0 0 0 0 1 1 0 
0 0 0 0 0 1 1 
1 0 0 1 0 0 1 
A^32 --> order: 32	poly: 6
0 1 1 0 0 0 0 
0 0 1 1 0 0 0 
0 0 0 1 1 0 0 
0 0 0 0 1 1 0 
0 0 0 0 0 1 1 
1 0 0 1 0 0 1 
1 1 0 1 1 0 0 
A^33 --> order: 33	poly: 12
0 0 1 1 0 0 0 
0 0 0 1 1 0 0 
0 0 0 0 1 1 0 
0 0 0 0 0 1 1 
1 0 0 1 0 0 1 
1 1 0 1 1 0 0 
0 1 1 0 1 1 0 
A^34 --> order: 34	poly: 24
0 0 0 1 1 0 0 
0 0 0 0 1 1 0 
0 0 0 0 0 1 1 
1 0 0 1 0 0 1 
1 1 0 1 1 0 0 
0 1 1 0 1 1 0 
0 0 1 1 0 1 1 
A^35 --> order: 35	poly: 48
0 0 0 0 1 1 0 
0 0 0 0 0 1 1 
1 0 0 1 0 0 1 
1 1 0 1 1 0 0 
0 1 1 0 1 1 0 
0 0 1 1 0 1 1 
1 0 0 0 1 0 1 
A^36 --> order: 36	poly: 96
0 0 0 0 0 1 1 
1 0 0 1 0 0 1 
1 1 0 1 1 0 0 
0 1 1 0 1 1 0 
0 0 1 1 0 1 1 
1 0 0 0 1 0 1 
1 1 0 1 0 1 0 
A^37 --> order: 37	poly: 73
1 0 0 1 0 0 1 
1 1 0 1 1 0 0 
0 1 1 0 1 1 0 
0 0 1 1 0 1 1 
1 0 0 0 1 0 1 
1 1 0 1 0 1 0 
0 1 1 0 1 0 1 
A^38 --> order: 38	poly: 27
1 1 0 1 1 0 0 
0 1 1 0 1 1 0 
0 0 1 1 0 1 1 
1 0 0 0 1 0 1 
1 1 0 1 0 1 0 
0 1 1 0 1 0 1 
1 0 1 0 0 1 0 
A^39 --> order: 39	poly: 54
0 1 1 0 1 1 0 
0 0 1 1 0 1 1 
1 0 0 0 1 0 1 
1 1 0 1 0 1 0 
0 1 1 0 1 0 1 
1 0 1 0 0 1 0 
0 1 0 1 0 0 1 
A^40 --> order: 40	poly: 108
0 0 1 1 0 1 1 
1 0 0 0 1 0 1 
1 1 0 1 0 1 0 
0 1 1 0 1 0 1 
1 0 1 0 0 1 0 
0 1 0 1 0 0 1 
1 0 1 1 1 0 0 
A^41 --> order: 41	poly: 81
1 0 0 0 1 0 1 
1 1 0 1 0 1 0 
0 1 1 0 1 0 1 
1 0 1 0 0 1 0 
0 1 0 1 0 0 1 
1 0 1 1 1 0 0 
0 1 0 1 1 1 0 
A^42 --> order: 42	poly: 43
1 1 0 1 0 1 0 
0 1 1 0 1 0 1 
1 0 1 0 0 1 0 
0 1 0 1 0 0 1 
1 0 1 1 1 0 0 
0 1 0 1 1 1 0 
0 0 1 0 1 1 1 
A^43 --> order: 43	poly: 86
0 1 1 0 1 0 1 
1 0 1 0 0 1 0 
0 1 0 1 0 0 1 
1 0 1 1 1 0 0 
0 1 0 1 1 1 0 
0 0 1 0 1 1 1 
1 0 0 0 0 1 1 
A^44 --> order: 44	poly: 37
1 0 1 0 0 1 0 
0 1 0 1 0 0 1 
1 0 1 1 1 0 0 
0 1 0 1 1 1 0 
0 0 1 0 1 1 1 
1 0 0 0 0 1 1 
1 1 0 1 0 0 1 
A^45 --> order: 45	poly: 74
0 1 0 1 0 0 1 
1 0 1 1 1 0 0 
0 1 0 1 1 1 0 
0 0 1 0 1 1 1 
1 0 0 0 0 1 1 
1 1 0 1 0 0 1 
1 1 1 1 1 0 0 
A^46 --> order: 46	poly: 29
1 0 1 1 1 0 0 
0 1 0 1 1 1 0 
0 0 1 0 1 1 1 
1 0 0 0 0 1 1 
1 1 0 1 0 0 1 
1 1 1 1 1 0 0 
0 1 1 1 1 1 0 
A^47 --> order: 47	poly: 58
0 1 0 1 1 1 0 
0 0 1 0 1 1 1 
1 0 0 0 0 1 1 
1 1 0 1 0 0 1 
1 1 1 1 1 0 0 
0 1 1 1 1 1 0 
0 0 1 1 1 1 1 
A^48 --> order: 48	poly: 116
0 0 1 0 1 1 1 
1 0 0 0 0 1 1 
1 1 0 1 0 0 1 
1 1 1 1 1 0 0 
0 1 1 1 1 1 0 
0 0 1 1 1 1 1 
1 0 0 0 1 1 1 
A^49 --> order: 49	poly: 97
1 0 0 0 0 1 1 
1 1 0 1 0 0 1 
1 1 1 1 1 0 0 
0 1 1 1 1 1 0 
0 0 1 1 1 1 1 
1 0 0 0 1 1 1 
1 1 0 1 0 1 1 
A^50 --> order: 50	poly: 75
1 1 0 1 0 0 1 
1 1 1 1 1 0 0 
0 1 1 1 1 1 0 
0 0 1 1 1 1 1 
1 0 0 0 1 1 1 
1 1 0 1 0 1 1 
1 1 1 1 1 0 1 
A^51 --> order: 51	poly: 31
1 1 1 1 1 0 0 
0 1 1 1 1 1 0 
0 0 1 1 1 1 1 
1 0 0 0 1 1 1 
1 1 0 1 0 1 1 
1 1 1 1 1 0 1 
1 1 1 0 1 1 0 
A^52 --> order: 52	poly: 62
0 1 1 1 1 1 0 
0 0 1 1 1 1 1 
1 0 0 0 1 1 1 
1 1 0 1 0 1 1 
1 1 1 1 1 0 1 
1 1 1 0 1 1 0 
0 1 1 1 0 1 1 
A^53 --> order: 53	poly: 124
0 0 1 1 1 1 1 
1 0 0 0 1 1 1 
1 1 0 1 0 1 1 
1 1 1 1 1 0 1 
1 1 1 0 1 1 0 
0 1 1 1 0 1 1 
1 0 1 0 1 0 1 
A^54 --> order: 54	poly: 113
1 0 0 0 1 1 1 
1 1 0 1 0 1 1 
1 1 1 1 1 0 1 
1 1 1 0 1 1 0 
0 1 1 1 0 1 1 
1 0 1 0 1 0 1 
1 1 0 0 0 1 0 
A^55 --> order: 55	poly: 107
1 1 0 1 0 1 1 
1 1 1 1 1 0 1 
1 1 1 0 1 1 0 
0 1 1 1 0 1 1 
1 0 1 0 1 0 1 
1 1 0 0 0 1 0 
0 1 1 0 0 0 1 
A^56 --> order: 56	poly: 95
1 1 1 1 1 0 1 
1 1 1 0 1 1 0 
0 1 1 1 0 1 1 
1 0 1 0 1 0 1 
1 1 0 0 0 1 0 
0 1 1 0 0 0 1 
1 0 1 0 0 0 0 
A^57 --> order: 57	poly: 55
1 1 1 0 1 1 0 
0 1 1 1 0 1 1 
1 0 1 0 1 0 1 
1 1 0 0 0 1 0 
0 1 1 0 0 0 1 
1 0 1 0 0 0 0 
0 1 0 1 0 0 0 
A^58 --> order: 58	poly: 110
0 1 1 1 0 1 1 
1 0 1 0 1 0 1 
1 1 0 0 0 1 0 
0 1 1 0 0 0 1 
1 0 1 0 0 0 0 
0 1 0 1 0 0 0 
0 0 1 0 1 0 0 
A^59 --> order: 59	poly: 85
1 0 1 0 1 0 1 
1 1 0 0 0 1 0 
0 1 1 0 0 0 1 
1 0 1 0 0 0 0 
0 1 0 1 0 0 0 
0 0 1 0 1 0 0 
0 0 0 1 0 1 0 
A^60 --> order: 60	poly: 35
1 1 0 0 0 1 0 
0 1 1 0 0 0 1 
1 0 1 0 0 0 0 
0 1 0 1 0 0 0 
0 0 1 0 1 0 0 
0 0 0 1 0 1 0 
0 0 0 0 1 0 1 
A^61 --> order: 61	poly: 70
0 1 1 0 0 0 1 
1 0 1 0 0 0 0 
0 1 0 1 0 0 0 
0 0 1 0 1 0 0 
0 0 0 1 0 1 0 
0 0 0 0 1 0 1 
1 0 0 1 0 1 0 
A^62 --> order: 62	poly: 5
1 0 1 0 0 0 0 
0 1 0 1 0 0 0 
0 0 1 0 1 0 0 
0 0 0 1 0 1 0 
0 0 0 0 1 0 1 
1 0 0 1 0 1 0 
0 1 0 0 1 0 1 
A^63 --> order: 63	poly: 10
0 1 0 1 0 0 0 
0 0 1 0 1 0 0 
0 0 0 1 0 1 0 
0 0 0 0 1 0 1 
1 0 0 1 0 1 0 
0 1 0 0 1 0 1 
1 0 1 1 0 1 0 
A^64 --> order: 64	poly: 20
0 0 1 0 1 0 0 
0 0 0 1 0 1 0 
0 0 0 0 1 0 1 
1 0 0 1 0 1 0 
0 1 0 0 1 0 1 
1 0 1 1 0 1 0 
0 1 0 1 1 0 1 
A^65 --> order: 65	poly: 40
0 0 0 1 0 1 0 
0 0 0 0 1 0 1 
1 0 0 1 0 1 0 
0 1 0 0 1 0 1 
1 0 1 1 0 1 0 
0 1 0 1 1 0 1 
1 0 1 1 1 1 0 
A^66 --> order: 66	poly: 80
0 0 0 0 1 0 1 
1 0 0 1 0 1 0 
0 1 0 0 1 0 1 
1 0 1 1 0 1 0 
0 1 0 1 1 0 1 
1 0 1 1 1 1 0 
0 1 0 1 1 1 1 
A^67 --> order: 67	poly: 41
1 0 0 1 0 1 0 
0 1 0 0 1 0 1 
1 0 1 1 0 1 0 
0 1 0 1 1 0 1 
1 0 1 1 1 1 0 
0 1 0 1 1 1 1 
1 0 1 1 1 1 1 
A^68 --> order: 68	poly: 82
0 1 0 0 1 0 1 
1 0 1 1 0 1 0 
0 1 0 1 1 0 1 
1 0 1 1 1 1 0 
0 1 0 1 1 1 1 
1 0 1 1 1 1 1 
1 1 0 0 1 1 1 
A^69 --> order: 69	poly: 45
1 0 1 1 0 1 0 
0 1 0 1 1 0 1 
1 0 1 1 1 1 0 
0 1 0 1 1 1 1 
1 0 1 1 1 1 1 
1 1 0 0 1 1 1 
1 1 1 1 0 1 1 
A^70 --> order: 70	poly: 90
0 1 0 1 1 0 1 
1 0 1 1 1 1 0 
0 1 0 1 1 1 1 
1 0 1 1 1 1 1 
1 1 0 0 1 1 1 
1 1 1 1 0 1 1 
1 1 1 0 1 0 1 
A^71 --> order: 71	poly: 61
1 0 1 1 1 1 0 
0 1 0 1 1 1 1 
1 0 1 1 1 1 1 
1 1 0 0 1 1 1 
1 1 1 1 0 1 1 
1 1 1 0 1 0 1 
1 1 1 0 0 1 0 
A^72 --> order: 72	poly: 122
0 1 0 1 1 1 1 
1 0 1 1 1 1 1 
1 1 0 0 1 1 1 
1 1 1 1 0 1 1 
1 1 1 0 1 0 1 
1 1 1 0 0 1 0 
0 1 1 1 0 0 1 
A^73 --> order: 73	poly: 125
1 0 1 1 1 1 1 
1 1 0 0 1 1 1 
1 1 1 1 0 1 1 
1 1 1 0 1 0 1 
1 1 1 0 0 1 0 
0 1 1 1 0 0 1 
1 0 1 0 1 0 0 
A^74 --> order: 74	poly: 115
1 1 0 0 1 1 1 
1 1 1 1 0 1 1 
1 1 1 0 1 0 1 
1 1 1 0 0 1 0 
0 1 1 1 0 0 1 
1 0 1 0 1 0 0 
0 1 0 1 0 1 0 
A^75 --> order: 75	poly: 111
1 1 1 1 0 1 1 
1 1 1 0 1 0 1 
1 1 1 0 0 1 0 
0 1 1 1 0 0 1 
1 0 1 0 1 0 0 
0 1 0 1 0 1 0 
0 0 1 0 1 0 1 
A^76 --> order: 76	poly: 87
1 1 1 0 1 0 1 
1 1 1 0 0 1 0 
0 1 1 1 0 0 1 
1 0 1 0 1 0 0 
0 1 0 1 0 1 0 
0 0 1 0 1 0 1 
1 0 0 0 0 1 0 
A^77 --> order: 77	poly: 39
1 1 1 0 0 1 0 
0 1 1 1 0 0 1 
1 0 1 0 1 0 0 
0 1 0 1 0 1 0 
0 0 1 0 1 0 1 
1 0 0 0 0 1 0 
0 1 0 0 0 0 1 
A^78 --> order: 78	poly: 78
0 1 1 1 0 0 1 
1 0 1 0 1 0 0 
0 1 0 1 0 1 0 
0 0 1 0 1 0 1 
1 0 0 0 0 1 0 
0 1 0 0 0 0 1 
1 0 1 1 0 0 0 
A^79 --> order: 79	poly: 21
1 0 1 0 1 0 0 
0 1 0 1 0 1 0 
0 0 1 0 1 0 1 
1 0 0 0 0 1 0 
0 1 0 0 0 0 1 
1 0 1 1 0 0 0 
0 1 0 1 1 0 0 
A^80 --> order: 80	poly: 42
0 1 0 1 0 1 0 
0 0 1 0 1 0 1 
1 0 0 0 0 1 0 
0 1 0 0 0 0 1 
1 0 1 1 0 0 0 
0 1 0 1 1 0 0 
0 0 1 0 1 1 0 
A^81 --> order: 81	poly: 84
0 0 1 0 1 0 1 
1 0 0 0 0 1 0 
0 1 0 0 0 0 1 
1 0 1 1 0 0 0 
0 1 0 1 1 0 0 
0 0 1 0 1 1 0 
0 0 0 1 0 1 1 
A^82 --> order: 82	poly: 33
1 0 0 0 0 1 0 
0 1 0 0 0 0 1 
1 0 1 1 0 0 0 
0 1 0 1 1 0 0 
0 0 1 0 1 1 0 
0 0 0 1 0 1 1 
1 0 0 1 1 0 1 
A^83 --> order: 83	poly: 66
0 1 0 0 0 0 1 
1 0 1 1 0 0 0 
0 1 0 1 1 0 0 
0 0 1 0 1 1 0 
0 0 0 1 0 1 1 
1 0 0 1 1 0 1 
1 1 0 1 1 1 0 
A^84 --> order: 84	poly: 13
1 0 1 1 0 0 0 
0 1 0 1 1 0 0 
0 0 1 0 1 1 0 
0 0 0 1 0 1 1 
1 0 0 1 1 0 1 
1 1 0 1 1 1 0 
0 1 1 0 1 1 1 
A^85 --> order: 85	poly: 26
0 1 0 1 1 0 0 
0 0 1 0 1 1 0 
0 0 0 1 0 1 1 
1 0 0 1 1 0 1 
1 1 0 1 1 1 0 
0 1 1 0 1 1 1 
1 0 1 0 0 1 1 
A^86 --> order: 86	poly: 52
0 0 1 0 1 1 0 
0 0 0 1 0 1 1 
1 0 0 1 1 0 1 
1 1 0 1 1 1 0 
0 1 1 0 1 1 1 
1 0 1 0 0 1 1 
1 1 0 0 0 0 1 
A^87 --> order: 87	poly: 104
0 0 0 1 0 1 1 
1 0 0 1 1 0 1 
1 1 0 1 1 1 0 
0 1 1 0 1 1 1 
1 0 1 0 0 1 1 
1 1 0 0 0 0 1 
1 1 1 1 0 0 0 
A^88 --> order: 88	poly: 89
1 0 0 1 1 0 1 
1 1 0 1 1 1 0 
0 1 1 0 1 1 1 
1 0 1 0 0 1 1 
1 1 0 0 0 0 1 
1 1 1 1 0 0 0 
0 1 1 1 1 0 0 
A^89 --> order: 89	poly: 59
1 1 0 1 1 1 0 
0 1 1 0 1 1 1 
1 0 1 0 0 1 1 
1 1 0 0 0 0 1 
1 1 1 1 0 0 0 
0 1 1 1 1 0 0 
0 0 1 1 1 1 0 
A^90 --> order: 90	poly: 118
0 1 1 0 1 1 1 
1 0 1 0 0 1 1 
1 1 0 0 0 0 1 
1 1 1 1 0 0 0 
0 1 1 1 1 0 0 
0 0 1 1 1 1 0 
0 0 0 1 1 1 1 
A^91 --> order: 91	poly: 101
1 0 1 0 0 1 1 
1 1 0 0 0 0 1 
1 1 1 1 0 0 0 
0 1 1 1 1 0 0 
0 0 1 1 1 1 0 
0 0 0 1 1 1 1 
1 0 0 1 1 1 1 
A^92 --> order: 92	poly: 67
1 1 0 0 0 0 1 
1 1 1 1 0 0 0 
0 1 1 1 1 0 0 
0 0 1 1 1 1 0 
0 0 0 1 1 1 1 
1 0 0 1 1 1 1 
1 1 0 1 1 1 1 
A^93 --> order: 93	poly: 15
1 1 1 1 0 0 0 
0 1 1 1 1 0 0 
0 0 1 1 1 1 0 
0 0 0 1 1 1 1 
1 0 0 1 1 1 1 
1 1 0 1 1 1 1 
1 1 1 1 1 1 1 
A^94 --> order: 94	poly: 30
0 1 1 1 1 0 0 
0 0 1 1 1 1 0 
0 0 0 1 1 1 1 
1 0 0 1 1 1 1 
1 1 0 1 1 1 1 
1 1 1 1 1 1 1 
1 1 1 0 1 1 1 
A^95 --> order: 95	poly: 60
0 0 1 1 1 1 0 
0 0 0 1 1 1 1 
1 0 0 1 1 1 1 
1 1 0 1 1 1 1 
1 1 1 1 1 1 1 
1 1 1 0 1 1 1 
1 1 1 0 0 1 1 
A^96 --> order: 96	poly: 120
0 0 0 1 1 1 1 
1 0 0 1 1 1 1 
1 1 0 1 1 1 1 
1 1 1 1 1 1 1 
1 1 1 0 1 1 1 
1 1 1 0 0 1 1 
1 1 1 0 0 0 1 
A^97 --> order: 97	poly: 121
1 0 0 1 1 1 1 
1 1 0 1 1 1 1 
1 1 1 1 1 1 1 
1 1 1 0 1 1 1 
1 1 1 0 0 1 1 
1 1 1 0 0 0 1 
1 1 1 0 0 0 0 
A^98 --> order: 98	poly: 123
1 1 0 1 1 1 1 
1 1 1 1 1 1 1 
1 1 1 0 1 1 1 
1 1 1 0 0 1 1 
1 1 1 0 0 0 1 
1 1 1 0 0 0 0 
0 1 1 1 0 0 0 
A^99 --> order: 99	poly: 127
1 1 1 1 1 1 1 
1 1 1 0 1 1 1 
1 1 1 0 0 1 1 
1 1 1 0 0 0 1 
1 1 1 0 0 0 0 
0 1 1 1 0 0 0 
0 0 1 1 1 0 0 
A^100 --> order: 100	poly: 119
1 1 1 0 1 1 1 
1 1 1 0 0 1 1 
1 1 1 0 0 0 1 
1 1 1 0 0 0 0 
0 1 1 1 0 0 0 
0 0 1 1 1 0 0 
0 0 0 1 1 1 0 
A^101 --> order: 101	poly: 103
1 1 1 0 0 1 1 
1 1 1 0 0 0 1 
1 1 1 0 0 0 0 
0 1 1 1 0 0 0 
0 0 1 1 1 0 0 
0 0 0 1 1 1 0 
0 0 0 0 1 1 1 
A^102 --> order: 102	poly: 71
1 1 1 0 0 0 1 
1 1 1 0 0 0 0 
0 1 1 1 0 0 0 
0 0 1 1 1 0 0 
0 0 0 1 1 1 0 
0 0 0 0 1 1 1 
1 0 0 1 0 1 1 
A^103 --> order: 103	poly: 7
1 1 1 0 0 0 0 
0 1 1 1 0 0 0 
0 0 1 1 1 0 0 
0 0 0 1 1 1 0 
0 0 0 0 1 1 1 
1 0 0 1 0 1 1 
1 1 0 1 1 0 1 
A^104 --> order: 104	poly: 14
0 1 1 1 0 0 0 
0 0 1 1 1 0 0 
0 0 0 1 1 1 0 
0 0 0 0 1 1 1 
1 0 0 1 0 1 1 
1 1 0 1 1 0 1 
1 1 1 1 1 1 0 
A^105 --> order: 105	poly: 28
0 0 1 1 1 0 0 
0 0 0 1 1 1 0 
0 0 0 0 1 1 1 
1 0 0 1 0 1 1 
1 1 0 1 1 0 1 
1 1 1 1 1 1 0 
0 1 1 1 1 1 1 
A^106 --> order: 106	poly: 56
0 0 0 1 1 1 0 
0 0 0 0 1 1 1 
1 0 0 1 0 1 1 
1 1 0 1 1 0 1 
1 1 1 1 1 1 0 
0 1 1 1 1 1 1 
1 0 1 0 1 1 1 
A^107 --> order: 107	poly: 112
0 0 0 0 1 1 1 
1 0 0 1 0 1 1 
1 1 0 1 1 0 1 
1 1 1 1 1 1 0 
0 1 1 1 1 1 1 
1 0 1 0 1 1 1 
1 1 0 0 0 1 1 
A^108 --> order: 108	poly: 105
1 0 0 1 0 1 1 
1 1 0 1 1 0 1 
1 1 1 1 1 1 0 
0 1 1 1 1 1 1 
1 0 1 0 1 1 1 
1 1 0 0 0 1 1 
1 1 1 1 0 0 1 
A^109 --> order: 109	poly: 91
1 1 0 1 1 0 1 
1 1 1 1 1 1 0 
0 1 1 1 1 1 1 
1 0 1 0 1 1 1 
1 1 0 0 0 1 1 
1 1 1 1 0 0 1 
1 1 1 0 1 0 0 
A^110 --> order: 110	poly: 63
1 1 1 1 1 1 0 
0 1 1 1 1 1 1 
1 0 1 0 1 1 1 
1 1 0 0 0 1 1 
1 1 1 1 0 0 1 
1 1 1 0 1 0 0 
0 1 1 1 0 1 0 
A^111 --> order: 111	poly: 126
0 1 1 1 1 1 1 
1 0 1 0 1 1 1 
1 1 0 0 0 1 1 
1 1 1 1 0 0 1 
1 1 1 0 1 0 0 
0 1 1 1 0 1 0 
0 0 1 1 1 0 1 
A^112 --> order: 112	poly: 117
1 0 1 0 1 1 1 
1 1 0 0 0 1 1 
1 1 1 1 0 0 1 
1 1 1 0 1 0 0 
0 1 1 1 0 1 0 
0 0 1 1 1 0 1 
1 0 0 0 1 1 0 
A^113 --> order: 113	poly: 99
1 1 0 0 0 1 1 
1 1 1 1 0 0 1 
1 1 1 0 1 0 0 
0 1 1 1 0 1 0 
0 0 1 1 1 0 1 
1 0 0 0 1 1 0 
0 1 0 0 0 1 1 
A^114 --> order: 114	poly: 79
1 1 1 1 0 0 1 
1 1 1 0 1 0 0 
0 1 1 1 0 1 0 
0 0 1 1 1 0 1 
1 0 0 0 1 1 0 
0 1 0 0 0 1 1 
1 0 1 1 0 0 1 
A^115 --> order: 115	poly: 23
1 1 1 0 1 0 0 
0 1 1 1 0 1 0 
0 0 1 1 1 0 1 
1 0 0 0 1 1 0 
0 1 0 0 0 1 1 
1 0 1 1 0 0 1 
1 1 0 0 1 0 0 
A^116 --> order: 116	poly: 46
0 1 1 1 0 1 0 
0 0 1 1 1 0 1 
1 0 0 0 1 1 0 
0 1 0 0 0 1 1 
1 0 1 1 0 0 1 
1 1 0 0 1 0 0 
0 1 1 0 0 1 0 
A^117 --> order: 117	poly: 92
0 0 1 1 1 0 1 
1 0 0 0 1 1 0 
0 1 0 0 0 1 1 
1 0 1 1 0 0 1 
1 1 0 0 1 0 0 
0 1 1 0 0 1 0 
0 0 1 1 0 0 1 
A^118 --> order: 118	poly: 49
1 0 0 0 1 1 0 
0 1 0 0 0 1 1 
1 0 1 1 0 0 1 
1 1 0 0 1 0 0 
0 1 1 0 0 1 0 
0 0 1 1 0 0 1 
1 0 0 0 1 0 0 
A^119 --> order: 119	poly: 98
0 1 0 0 0 1 1 
1 0 1 1 0 0 1 
1 1 0 0 1 0 0 
0 1 1 0 0 1 0 
0 0 1 1 0 0 1 
1 0 0 0 1 0 0 
0 1 0 0 0 1 0 
A^120 --> order: 120	poly: 77
1 0 1 1 0 0 1 
1 1 0 0 1 0 0 
0 1 1 0 0 1 0 
0 0 1 1 0 0 1 
1 0 0 0 1 0 0 
0 1 0 0 0 1 0 
0 0 1 0 0 0 1 
A^121 --> order: 121	poly: 19
1 1 0 0 1 0 0 
0 1 1 0 0 1 0 
0 0 1 1 0 0 1 
1 0 0 0 1 0 0 
0 1 0 0 0 1 0 
0 0 1 0 0 0 1 
1 0 0 0 0 0 0 
A^122 --> order: 122	poly: 38
0 1 1 0 0 1 0 
0 0 1 1 0 0 1 
1 0 0 0 1 0 0 
0 1 0 0 0 1 0 
0 0 1 0 0 0 1 
1 0 0 0 0 0 0 
0 1 0 0 0 0 0 
A^123 --> order: 123	poly: 76
0 0 1 1 0 0 1 
1 0 0 0 1 0 0 
0 1 0 0 0 1 0 
0 0 1 0 0 0 1 
1 0 0 0 0 0 0 
0 1 0 0 0 0 0 
0 0 1 0 0 0 0 
A^124 --> order: 124	poly: 17
1 0 0 0 1 0 0 
0 1 0 0 0 1 0 
0 0 1 0 0 0 1 
1 0 0 0 0 0 0 
0 1 0 0 0 0 0 
0 0 1 0 0 0 0 
0 0 0 1 0 0 0 
A^125 --> order: 125	poly: 34
0 1 0 0 0 1 0 
0 0 1 0 0 0 1 
1 0 0 0 0 0 0 
0 1 0 0 0 0 0 
0 0 1 0 0 0 0 
0 0 0 1 0 0 0 
0 0 0 0 1 0 0 
A^126 --> order: 126	poly: 68
0 0 1 0 0 0 1 
1 0 0 0 0 0 0 
0 1 0 0 0 0 0 
0 0 1 0 0 0 0 
0 0 0 1 0 0 0 
0 0 0 0 1 0 0 
0 0 0 0 0 1 0 
