GF(32) with Primitive Polynomial: 37 
A^0 --> order: 0	poly: 1
1 0 0 0 0 
0 1 0 0 0 
0 0 1 0 0 
0 0 0 1 0 
0 0 0 0 1 
A^1 --> order: 1	poly: 2
0 1 0 0 0 
0 0 1 0 0 
0 0 0 1 0 
0 0 0 0 1 
1 0 1 0 0 
A^2 --> order: 2	poly: 4
0 0 1 0 0 
0 0 0 1 0 
0 0 0 0 1 
1 0 1 0 0 
0 1 0 1 0 
A^3 --> order: 3	poly: 8
0 0 0 1 0 
0 0 0 0 1 
1 0 1 0 0 
0 1 0 1 0 
0 0 1 0 1 
A^4 --> order: 4	poly: 16
0 0 0 0 1 
1 0 1 0 0 
0 1 0 1 0 
0 0 1 0 1 
1 0 1 1 0 
A^5 --> order: 5	poly: 5
1 0 1 0 0 
0 1 0 1 0 
0 0 1 0 1 
1 0 1 1 0 
0 1 0 1 1 
A^6 --> order: 6	poly: 10
0 1 0 1 0 
0 0 1 0 1 
1 0 1 1 0 
0 1 0 1 1 
1 0 0 0 1 
A^7 --> order: 7	poly: 20
0 0 1 0 1 
1 0 1 1 0 
0 1 0 1 1 
1 0 0 0 1 
1 1 1 0 0 
A^8 --> order: 8	poly: 13
1 0 1 1 0 
0 1 0 1 1 
1 0 0 0 1 
1 1 1 0 0 
0 1 1 1 0 
A^9 --> order: 9	poly: 26
0 1 0 1 1 
1 0 0 0 1 
1 1 1 0 0 
0 1 1 1 0 
0 0 1 1 1 
A^10 --> order: 10	poly: 17
1 0 0 0 1 
1 1 1 0 0 
0 1 1 1 0 
0 0 1 1 1 
1 0 1 1 1 
A^11 --> order: 11	poly: 7
1 1 1 0 0 
0 1 1 1 0 
0 0 1 1 1 
1 0 1 1 1 
1 1 1 1 1 
A^12 --> order: 12	poly: 14
0 1 1 1 0 
0 0 1 1 1 
1 0 1 1 1 
1 1 1 1 1 
1 1 0 1 1 
A^13 --> order: 13	poly: 28
0 0 1 1 1 
1 0 1 1 1 
1 1 1 1 1 
1 1 0 1 1 
1 1 0 0 1 
A^14 --> order: 14	poly: 29
1 0 1 1 1 
1 1 1 1 1 
1 1 0 1 1 
1 1 0 0 1 
1 1 0 0 0 
A^15 --> order: 15	poly: 31
1 1 1 1 1 
1 1 0 1 1 
1 1 0 0 1 
1 1 0 0 0 
0 1 1 0 0 
A^16 --> order: 16	poly: 27
1 1 0 1 1 
1 1 0 0 1 
1 1 0 0 0 
0 1 1 0 0 
0 0 1 1 0 
A^17 --> order: 17	poly: 19
1 1 0 0 1 
1 1 0 0 0 
0 1 1 0 0 
0 0 1 1 0 
0 0 0 1 1 
A^18 --> order: 18	poly: 3
1 1 0 0 0 
0 1 1 0 0 
0 0 1 1 0 
0 0 0 1 1 
1 0 1 0 1 
A^19 --> order: 19	poly: 6
0 1 1 0 0 
0 0 1 1 0 
0 0 0 1 1 
1 0 1 0 1 
1 1 1 1 0 
A^20 --> order: 20	poly: 12
0 0 1 1 0 
0 0 0 1 1 
1 0 1 0 1 
1 1 1 1 0 
0 1 1 1 1 
A^21 --> order: 21	poly: 24
0 0 0 1 1 
1 0 1 0 1 
1 1 1 1 0 
0 1 1 1 1 
1 0 0 1 1 
A^22 --> order: 22	poly: 21
1 0 1 0 1 
1 1 1 1 0 
0 1 1 1 1 
1 0 0 1 1 
1 1 1 0 1 
A^23 --> order: 23	poly: 15
1 1 1 1 0 
0 1 1 1 1 
1 0 0 1 1 
1 1 1 0 1 
1 1 0 1 0 
A^24 --> order: 24	poly: 30
0 1 1 1 1 
1 0 0 1 1 
1 1 1 0 1 
1 1 0 1 0 
0 1 1 0 1 
A^25 --> order: 25	poly: 25
1 0 0 1 1 
1 1 1 0 1 
1 1 0 1 0 
0 1 1 0 1 
1 0 0 1 0 
A^26 --> order: 26	poly: 23
1 1 1 0 1 
1 1 0 1 0 
0 1 1 0 1 
1 0 0 1 0 
0 1 0 0 1 
A^27 --> order: 27	poly: 11
1 1 0 1 0 
0 1 1 0 1 
1 0 0 1 0 
0 1 0 0 1 
1 0 0 0 0 
A^28 --> order: 28	poly: 22
0 1 1 0 1 
1 0 0 1 0 
0 1 0 0 1 
1 0 0 0 0 
0 1 0 0 0 
A^29 --> order: 29	poly: 9
1 0 0 1 0 
0 1 0 0 1 
1 0 0 0 0 
0 1 0 0 0 
0 0 1 0 0 
A^30 --> order: 30	poly: 18
0 1 0 0 1 
1 0 0 0 0 
0 1 0 0 0 
0 0 1 0 0 
0 0 0 1 0 
