GF(256) with Primitive Polynomial: 285 
A^0 --> order: 0	poly: 1
1 0 0 0 0 0 0 0 
0 1 0 0 0 0 0 0 
0 0 1 0 0 0 0 0 
0 0 0 1 0 0 0 0 
0 0 0 0 1 0 0 0 
0 0 0 0 0 1 0 0 
0 0 0 0 0 0 1 0 
0 0 0 0 0 0 0 1 
A^1 --> order: 1	poly: 2
0 1 0 0 0 0 0 0 
0 0 1 0 0 0 0 0 
0 0 0 1 0 0 0 0 
0 0 0 0 1 0 0 0 
0 0 0 0 0 1 0 0 
0 0 0 0 0 0 1 0 
0 0 0 0 0 0 0 1 
1 0 1 1 1 0 0 0 
A^2 --> order: 2	poly: 4
0 0 1 0 0 0 0 0 
0 0 0 1 0 0 0 0 
0 0 0 0 1 0 0 0 
0 0 0 0 0 1 0 0 
0 0 0 0 0 0 1 0 
0 0 0 0 0 0 0 1 
1 0 1 1 1 0 0 0 
0 1 0 1 1 1 0 0 
A^3 --> order: 3	poly: 8
0 0 0 1 0 0 0 0 
0 0 0 0 1 0 0 0 
0 0 0 0 0 1 0 0 
0 0 0 0 0 0 1 0 
0 0 0 0 0 0 0 1 
1 0 1 1 1 0 0 0 
0 1 0 1 1 1 0 0 
0 0 1 0 1 1 1 0 
A^4 --> order: 4	poly: 16
0 0 0 0 1 0 0 0 
0 0 0 0 0 1 0 0 
0 0 0 0 0 0 1 0 
0 0 0 0 0 0 0 1 
1 0 1 1 1 0 0 0 
0 1 0 1 1 1 0 0 
0 0 1 0 1 1 1 0 
0 0 0 1 0 1 1 1 
A^5 --> order: 5	poly: 32
0 0 0 0 0 1 0 0 
0 0 0 0 0 0 1 0 
0 0 0 0 0 0 0 1 
1 0 1 1 1 0 0 0 
0 1 0 1 1 1 0 0 
0 0 1 0 1 1 1 0 
0 0 0 1 0 1 1 1 
1 0 1 1 0 0 1 1 
A^6 --> order: 6	poly: 64
0 0 0 0 0 0 1 0 
0 0 0 0 0 0 0 1 
1 0 1 1 1 0 0 0 
0 1 0 1 1 1 0 0 
0 0 1 0 1 1 1 0 
0 0 0 1 0 1 1 1 
1 0 1 1 0 0 1 1 
1 1 1 0 0 0 0 1 
A^7 --> order: 7	poly: 128
0 0 0 0 0 0 0 1 
1 0 1 1 1 0 0 0 
0 1 0 1 1 1 0 0 
0 0 1 0 1 1 1 0 
0 0 0 1 0 1 1 1 
1 0 1 1 0 0 1 1 
1 1 1 0 0 0 0 1 
1 1 0 0 1 0 0 0 
A^8 --> order: 8	poly: 29
1 0 1 1 1 0 0 0 
0 1 0 1 1 1 0 0 
0 0 1 0 1 1 1 0 
0 0 0 1 0 1 1 1 
1 0 1 1 0 0 1 1 
1 1 1 0 0 0 0 1 
1 1 0 0 1 0 0 0 
0 1 1 0 0 1 0 0 
A^9 --> order: 9	poly: 58
0 1 0 1 1 1 0 0 
0 0 1 0 1 1 1 0 
0 0 0 1 0 1 1 1 
1 0 1 1 0 0 1 1 
1 1 1 0 0 0 0 1 
1 1 0 0 1 0 0 0 
0 1 1 0 0 1 0 0 
0 0 1 1 0 0 1 0 
A^10 --> order: 10	poly: 116
0 0 1 0 1 1 1 0 
0 0 0 1 0 1 1 1 
1 0 1 1 0 0 1 1 
1 1 1 0 0 0 0 1 
1 1 0 0 1 0 0 0 
0 1 1 0 0 1 0 0 
0 0 1 1 0 0 1 0 
0 0 0 1 1 0 0 1 
A^11 --> order: 11	poly: 232
0 0 0 1 0 1 1 1 
1 0 1 1 0 0 1 1 
1 1 1 0 0 0 0 1 
1 1 0 0 1 0 0 0 
0 1 1 0 0 1 0 0 
0 0 1 1 0 0 1 0 
0 0 0 1 1 0 0 1 
1 0 1 1 0 1 0 0 
A^12 --> order: 12	poly: 205
1 0 1 1 0 0 1 1 
1 1 1 0 0 0 0 1 
1 1 0 0 1 0 0 0 
0 1 1 0 0 1 0 0 
0 0 1 1 0 0 1 0 
0 0 0 1 1 0 0 1 
1 0 1 1 0 1 0 0 
0 1 0 1 1 0 1 0 
A^13 --> order: 13	poly: 135
1 1 1 0 0 0 0 1 
1 1 0 0 1 0 0 0 
0 1 1 0 0 1 0 0 
0 0 1 1 0 0 1 0 
0 0 0 1 1 0 0 1 
1 0 1 1 0 1 0 0 
0 1 0 1 1 0 1 0 
0 0 1 0 1 1 0 1 
A^14 --> order: 14	poly: 19
1 1 0 0 1 0 0 0 
0 1 1 0 0 1 0 0 
0 0 1 1 0 0 1 0 
0 0 0 1 1 0 0 1 
1 0 1 1 0 1 0 0 
0 1 0 1 1 0 1 0 
0 0 1 0 1 1 0 1 
1 0 1 0 1 1 1 0 
A^15 --> order: 15	poly: 38
0 1 1 0 0 1 0 0 
0 0 1 1 0 0 1 0 
0 0 0 1 1 0 0 1 
1 0 1 1 0 1 0 0 
0 1 0 1 1 0 1 0 
0 0 1 0 1 1 0 1 
1 0 1 0 1 1 1 0 
0 1 0 1 0 1 1 1 
A^16 --> order: 16	poly: 76
0 0 1 1 0 0 1 0 
0 0 0 1 1 0 0 1 
1 0 1 1 0 1 0 0 
0 1 0 1 1 0 1 0 
0 0 1 0 1 1 0 1 
1 0 1 0 1 1 1 0 
0 1 0 1 0 1 1 1 
1 0 0 1 0 0 1 1 
A^17 --> order: 17	poly: 152
0 0 0 1 1 0 0 1 
1 0 1 1 0 1 0 0 
0 1 0 1 1 0 1 0 
0 0 1 0 1 1 0 1 
1 0 1 0 1 1 1 0 
0 1 0 1 0 1 1 1 
1 0 0 1 0 0 1 1 
1 1 1 1 0 0 0 1 
A^18 --> order: 18	poly: 45
1 0 1 1 0 1 0 0 
0 1 0 1 1 0 1 0 
0 0 1 0 1 1 0 1 
1 0 1 0 1 1 1 0 
0 1 0 1 0 1 1 1 
1 0 0 1 0 0 1 1 
1 1 1 1 0 0 0 1 
1 1 0 0 0 0 0 0 
A^19 --> order: 19	poly: 90
0 1 0 1 1 0 1 0 
0 0 1 0 1 1 0 1 
1 0 1 0 1 1 1 0 
0 1 0 1 0 1 1 1 
1 0 0 1 0 0 1 1 
1 1 1 1 0 0 0 1 
1 1 0 0 0 0 0 0 
0 1 1 0 0 0 0 0 
A^20 --> order: 20	poly: 180
0 0 1 0 1 1 0 1 
1 0 1 0 1 1 1 0 
0 1 0 1 0 1 1 1 
1 0 0 1 0 0 1 1 
1 1 1 1 0 0 0 1 
1 1 0 0 0 0 0 0 
0 1 1 0 0 0 0 0 
0 0 1 1 0 0 0 0 
A^21 --> order: 21	poly: 117
1 0 1 0 1 1 1 0 
0 1 0 1 0 1 1 1 
1 0 0 1 0 0 1 1 
1 1 1 1 0 0 0 1 
1 1 0 0 0 0 0 0 
0 1 1 0 0 0 0 0 
0 0 1 1 0 0 0 0 
0 0 0 1 1 0 0 0 
A^22 --> order: 22	poly: 234
0 1 0 1 0 1 1 1 
1 0 0 1 0 0 1 1 
1 1 1 1 0 0 0 1 
1 1 0 0 0 0 0 0 
0 1 1 0 0 0 0 0 
0 0 1 1 0 0 0 0 
0 0 0 1 1 0 0 0 
0 0 0 0 1 1 0 0 
A^23 --> order: 23	poly: 201
1 0 0 1 0 0 1 1 
1 1 1 1 0 0 0 1 
1 1 0 0 0 0 0 0 
0 1 1 0 0 0 0 0 
0 0 1 1 0 0 0 0 
0 0 0 1 1 0 0 0 
0 0 0 0 1 1 0 0 
0 0 0 0 0 1 1 0 
A^24 --> order: 24	poly: 143
1 1 1 1 0 0 0 1 
1 1 0 0 0 0 0 0 
0 1 1 0 0 0 0 0 
0 0 1 1 0 0 0 0 
0 0 0 1 1 0 0 0 
0 0 0 0 1 1 0 0 
0 0 0 0 0 1 1 0 
0 0 0 0 0 0 1 1 
A^25 --> order: 25	poly: 3
1 1 0 0 0 0 0 0 
0 1 1 0 0 0 0 0 
0 0 1 1 0 0 0 0 
0 0 0 1 1 0 0 0 
0 0 0 0 1 1 0 0 
0 0 0 0 0 1 1 0 
0 0 0 0 0 0 1 1 
1 0 1 1 1 0 0 1 
A^26 --> order: 26	poly: 6
0 1 1 0 0 0 0 0 
0 0 1 1 0 0 0 0 
0 0 0 1 1 0 0 0 
0 0 0 0 1 1 0 0 
0 0 0 0 0 1 1 0 
0 0 0 0 0 0 1 1 
1 0 1 1 1 0 0 1 
1 1 1 0 0 1 0 0 
A^27 --> order: 27	poly: 12
0 0 1 1 0 0 0 0 
0 0 0 1 1 0 0 0 
0 0 0 0 1 1 0 0 
0 0 0 0 0 1 1 0 
0 0 0 0 0 0 1 1 
1 0 1 1 1 0 0 1 
1 1 1 0 0 1 0 0 
0 1 1 1 0 0 1 0 
A^28 --> order: 28	poly: 24
0 0 0 1 1 0 0 0 
0 0 0 0 1 1 0 0 
0 0 0 0 0 1 1 0 
0 0 0 0 0 0 1 1 
1 0 1 1 1 0 0 1 
1 1 1 0 0 1 0 0 
0 1 1 1 0 0 1 0 
0 0 1 1 1 0 0 1 
A^29 --> order: 29	poly: 48
0 0 0 0 1 1 0 0 
0 0 0 0 0 1 1 0 
0 0 0 0 0 0 1 1 
1 0 1 1 1 0 0 1 
1 1 1 0 0 1 0 0 
0 1 1 1 0 0 1 0 
0 0 1 1 1 0 0 1 
1 0 1 0 0 1 0 0 
A^30 --> order: 30	poly: 96
0 0 0 0 0 1 1 0 
0 0 0 0 0 0 1 1 
1 0 1 1 1 0 0 1 
1 1 1 0 0 1 0 0 
0 1 1 1 0 0 1 0 
0 0 1 1 1 0 0 1 
1 0 1 0 0 1 0 0 
0 1 0 1 0 0 1 0 
A^31 --> order: 31	poly: 192
0 0 0 0 0 0 1 1 
1 0 1 1 1 0 0 1 
1 1 1 0 0 1 0 0 
0 1 1 1 0 0 1 0 
0 0 1 1 1 0 0 1 
1 0 1 0 0 1 0 0 
0 1 0 1 0 0 1 0 
0 0 1 0 1 0 0 1 
A^32 --> order: 32	poly: 157
1 0 1 1 1 0 0 1 
1 1 1 0 0 1 0 0 
0 1 1 1 0 0 1 0 
0 0 1 1 1 0 0 1 
1 0 1 0 0 1 0 0 
0 1 0 1 0 0 1 0 
0 0 1 0 1 0 0 1 
1 0 1 0 1 1 0 0 
A^33 --> order: 33	poly: 39
1 1 1 0 0 1 0 0 
0 1 1 1 0 0 1 0 
0 0 1 1 1 0 0 1 
1 0 1 0 0 1 0 0 
0 1 0 1 0 0 1 0 
0 0 1 0 1 0 0 1 
1 0 1 0 1 1 0 0 
0 1 0 1 0 1 1 0 
A^34 --> order: 34	poly: 78
0 1 1 1 0 0 1 0 
0 0 1 1 1 0 0 1 
1 0 1 0 0 1 0 0 
0 1 0 1 0 0 1 0 
0 0 1 0 1 0 0 1 
1 0 1 0 1 1 0 0 
0 1 0 1 0 1 1 0 
0 0 1 0 1 0 1 1 
A^35 --> order: 35	poly: 156
0 0 1 1 1 0 0 1 
1 0 1 0 0 1 0 0 
0 1 0 1 0 0 1 0 
0 0 1 0 1 0 0 1 
1 0 1 0 1 1 0 0 
0 1 0 1 0 1 1 0 
0 0 1 0 1 0 1 1 
1 0 1 0 1 1 0 1 
A^36 --> order: 36	poly: 37
1 0 1 0 0 1 0 0 
0 1 0 1 0 0 1 0 
0 0 1 0 1 0 0 1 
1 0 1 0 1 1 0 0 
0 1 0 1 0 1 1 0 
0 0 1 0 1 0 1 1 
1 0 1 0 1 1 0 1 
1 1 1 0 1 1 1 0 
A^37 --> order: 37	poly: 74
0 1 0 1 0 0 1 0 
0 0 1 0 1 0 0 1 
1 0 1 0 1 1 0 0 
0 1 0 1 0 1 1 0 
0 0 1 0 1 0 1 1 
1 0 1 0 1 1 0 1 
1 1 1 0 1 1 1 0 
0 1 1 1 0 1 1 1 
A^38 --> order: 38	poly: 148
0 0 1 0 1 0 0 1 
1 0 1 0 1 1 0 0 
0 1 0 1 0 1 1 0 
0 0 1 0 1 0 1 1 
1 0 1 0 1 1 0 1 
1 1 1 0 1 1 1 0 
0 1 1 1 0 1 1 1 
1 0 0 0 0 0 1 1 
A^39 --> order: 39	poly: 53
1 0 1 0 1 1 0 0 
0 1 0 1 0 1 1 0 
0 0 1 0 1 0 1 1 
1 0 1 0 1 1 0 1 
1 1 1 0 1 1 1 0 
0 1 1 1 0 1 1 1 
1 0 0 0 0 0 1 1 
1 1 1 1 1 0 0 1 
A^40 --> order: 40	poly: 106
0 1 0 1 0 1 1 0 
0 0 1 0 1 0 1 1 
1 0 1 0 1 1 0 1 
1 1 1 0 1 1 1 0 
0 1 1 1 0 1 1 1 
1 0 0 0 0 0 1 1 
1 1 1 1 1 0 0 1 
1 1 0 0 0 1 0 0 
A^41 --> order: 41	poly: 212
0 0 1 0 1 0 1 1 
1 0 1 0 1 1 0 1 
1 1 1 0 1 1 1 0 
0 1 1 1 0 1 1 1 
1 0 0 0 0 0 1 1 
1 1 1 1 1 0 0 1 
1 1 0 0 0 1 0 0 
0 1 1 0 0 0 1 0 
A^42 --> order: 42	poly: 181
1 0 1 0 1 1 0 1 
1 1 1 0 1 1 1 0 
0 1 1 1 0 1 1 1 
1 0 0 0 0 0 1 1 
1 1 1 1 1 0 0 1 
1 1 0 0 0 1 0 0 
0 1 1 0 0 0 1 0 
0 0 1 1 0 0 0 1 
A^43 --> order: 43	poly: 119
1 1 1 0 1 1 1 0 
0 1 1 1 0 1 1 1 
1 0 0 0 0 0 1 1 
1 1 1 1 1 0 0 1 
1 1 0 0 0 1 0 0 
0 1 1 0 0 0 1 0 
0 0 1 1 0 0 0 1 
1 0 1 0 0 0 0 0 
A^44 --> order: 44	poly: 238
0 1 1 1 0 1 1 1 
1 0 0 0 0 0 1 1 
1 1 1 1 1 0 0 1 
1 1 0 0 0 1 0 0 
0 1 1 0 0 0 1 0 
0 0 1 1 0 0 0 1 
1 0 1 0 0 0 0 0 
0 1 0 1 0 0 0 0 
A^45 --> order: 45	poly: 193
1 0 0 0 0 0 1 1 
1 1 1 1 1 0 0 1 
1 1 0 0 0 1 0 0 
0 1 1 0 0 0 1 0 
0 0 1 1 0 0 0 1 
1 0 1 0 0 0 0 0 
0 1 0 1 0 0 0 0 
0 0 1 0 1 0 0 0 
A^46 --> order: 46	poly: 159
1 1 1 1 1 0 0 1 
1 1 0 0 0 1 0 0 
0 1 1 0 0 0 1 0 
0 0 1 1 0 0 0 1 
1 0 1 0 0 0 0 0 
0 1 0 1 0 0 0 0 
0 0 1 0 1 0 0 0 
0 0 0 1 0 1 0 0 
A^47 --> order: 47	poly: 35
1 1 0 0 0 1 0 0 
0 1 1 0 0 0 1 0 
0 0 1 1 0 0 0 1 
1 0 1 0 0 0 0 0 
0 1 0 1 0 0 0 0 
0 0 1 0 1 0 0 0 
0 0 0 1 0 1 0 0 
0 0 0 0 1 0 1 0 
A^48 --> order: 48	poly: 70
0 1 1 0 0 0 1 0 
0 0 1 1 0 0 0 1 
1 0 1 0 0 0 0 0 
0 1 0 1 0 0 0 0 
0 0 1 0 1 0 0 0 
0 0 0 1 0 1 0 0 
0 0 0 0 1 0 1 0 
0 0 0 0 0 1 0 1 
A^49 --> order: 49	poly: 140
0 0 1 1 0 0 0 1 
1 0 1 0 0 0 0 0 
0 1 0 1 0 0 0 0 
0 0 1 0 1 0 0 0 
0 0 0 1 0 1 0 0 
0 0 0 0 1 0 1 0 
0 0 0 0 0 1 0 1 
1 0 1 1 1 0 1 0 
A^50 --> order: 50	poly: 5
1 0 1 0 0 0 0 0 
0 1 0 1 0 0 0 0 
0 0 1 0 1 0 0 0 
0 0 0 1 0 1 0 0 
0 0 0 0 1 0 1 0 
0 0 0 0 0 1 0 1 
1 0 1 1 1 0 1 0 
0 1 0 1 1 1 0 1 
A^51 --> order: 51	poly: 10
0 1 0 1 0 0 0 0 
0 0 1 0 1 0 0 0 
0 0 0 1 0 1 0 0 
0 0 0 0 1 0 1 0 
0 0 0 0 0 1 0 1 
1 0 1 1 1 0 1 0 
0 1 0 1 1 1 0 1 
1 0 0 1 0 1 1 0 
A^52 --> order: 52	poly: 20
0 0 1 0 1 0 0 0 
0 0 0 1 0 1 0 0 
0 0 0 0 1 0 1 0 
0 0 0 0 0 1 0 1 
1 0 1 1 1 0 1 0 
0 1 0 1 1 1 0 1 
1 0 0 1 0 1 1 0 
0 1 0 0 1 0 1 1 
A^53 --> order: 53	poly: 40
0 0 0 1 0 1 0 0 
0 0 0 0 1 0 1 0 
0 0 0 0 0 1 0 1 
1 0 1 1 1 0 1 0 
0 1 0 1 1 1 0 1 
1 0 0 1 0 1 1 0 
0 1 0 0 1 0 1 1 
1 0 0 1 1 1 0 1 
A^54 --> order: 54	poly: 80
0 0 0 0 1 0 1 0 
0 0 0 0 0 1 0 1 
1 0 1 1 1 0 1 0 
0 1 0 1 1 1 0 1 
1 0 0 1 0 1 1 0 
0 1 0 0 1 0 1 1 
1 0 0 1 1 1 0 1 
1 1 1 1 0 1 1 0 
A^55 --> order: 55	poly: 160
0 0 0 0 0 1 0 1 
1 0 1 1 1 0 1 0 
0 1 0 1 1 1 0 1 
1 0 0 1 0 1 1 0 
0 1 0 0 1 0 1 1 
1 0 0 1 1 1 0 1 
1 1 1 1 0 1 1 0 
0 1 1 1 1 0 1 1 
A^56 --> order: 56	poly: 93
1 0 1 1 1 0 1 0 
0 1 0 1 1 1 0 1 
1 0 0 1 0 1 1 0 
0 1 0 0 1 0 1 1 
1 0 0 1 1 1 0 1 
1 1 1 1 0 1 1 0 
0 1 1 1 1 0 1 1 
1 0 0 0 0 1 0 1 
A^57 --> order: 57	poly: 186
0 1 0 1 1 1 0 1 
1 0 0 1 0 1 1 0 
0 1 0 0 1 0 1 1 
1 0 0 1 1 1 0 1 
1 1 1 1 0 1 1 0 
0 1 1 1 1 0 1 1 
1 0 0 0 0 1 0 1 
1 1 1 1 1 0 1 0 
A^58 --> order: 58	poly: 105
1 0 0 1 0 1 1 0 
0 1 0 0 1 0 1 1 
1 0 0 1 1 1 0 1 
1 1 1 1 0 1 1 0 
0 1 1 1 1 0 1 1 
1 0 0 0 0 1 0 1 
1 1 1 1 1 0 1 0 
0 1 1 1 1 1 0 1 
A^59 --> order: 59	poly: 210
0 1 0 0 1 0 1 1 
1 0 0 1 1 1 0 1 
1 1 1 1 0 1 1 0 
0 1 1 1 1 0 1 1 
1 0 0 0 0 1 0 1 
1 1 1 1 1 0 1 0 
0 1 1 1 1 1 0 1 
1 0 0 0 0 1 1 0 
A^60 --> order: 60	poly: 185
1 0 0 1 1 1 0 1 
1 1 1 1 0 1 1 0 
0 1 1 1 1 0 1 1 
1 0 0 0 0 1 0 1 
1 1 1 1 1 0 1 0 
0 1 1 1 1 1 0 1 
1 0 0 0 0 1 1 0 
0 1 0 0 0 0 1 1 
A^61 --> order: 61	poly: 111
1 1 1 1 0 1 1 0 
0 1 1 1 1 0 1 1 
1 0 0 0 0 1 0 1 
1 1 1 1 1 0 1 0 
0 1 1 1 1 1 0 1 
1 0 0 0 0 1 1 0 
0 1 0 0 0 0 1 1 
1 0 0 1 1 0 0 1 
A^62 --> order: 62	poly: 222
0 1 1 1 1 0 1 1 
1 0 0 0 0 1 0 1 
1 1 1 1 1 0 1 0 
0 1 1 1 1 1 0 1 
1 0 0 0 0 1 1 0 
0 1 0 0 0 0 1 1 
1 0 0 1 1 0 0 1 
1 1 1 1 0 1 0 0 
A^63 --> order: 63	poly: 161
1 0 0 0 0 1 0 1 
1 1 1 1 1 0 1 0 
0 1 1 1 1 1 0 1 
1 0 0 0 0 1 1 0 
0 1 0 0 0 0 1 1 
1 0 0 1 1 0 0 1 
1 1 1 1 0 1 0 0 
0 1 1 1 1 0 1 0 
A^64 --> order: 64	poly: 95
1 1 1 1 1 0 1 0 
0 1 1 1 1 1 0 1 
1 0 0 0 0 1 1 0 
0 1 0 0 0 0 1 1 
1 0 0 1 1 0 0 1 
1 1 1 1 0 1 0 0 
0 1 1 1 1 0 1 0 
0 0 1 1 1 1 0 1 
A^65 --> order: 65	poly: 190
0 1 1 1 1 1 0 1 
1 0 0 0 0 1 1 0 
0 1 0 0 0 0 1 1 
1 0 0 1 1 0 0 1 
1 1 1 1 0 1 0 0 
0 1 1 1 1 0 1 0 
0 0 1 1 1 1 0 1 
1 0 1 0 0 1 1 0 
A^66 --> order: 66	poly: 97
1 0 0 0 0 1 1 0 
0 1 0 0 0 0 1 1 
1 0 0 1 1 0 0 1 
1 1 1 1 0 1 0 0 
0 1 1 1 1 0 1 0 
0 0 1 1 1 1 0 1 
1 0 1 0 0 1 1 0 
0 1 0 1 0 0 1 1 
A^67 --> order: 67	poly: 194
0 1 0 0 0 0 1 1 
1 0 0 1 1 0 0 1 
1 1 1 1 0 1 0 0 
0 1 1 1 1 0 1 0 
0 0 1 1 1 1 0 1 
1 0 1 0 0 1 1 0 
0 1 0 1 0 0 1 1 
1 0 0 1 0 0 0 1 
A^68 --> order: 68	poly: 153
1 0 0 1 1 0 0 1 
1 1 1 1 0 1 0 0 
0 1 1 1 1 0 1 0 
0 0 1 1 1 1 0 1 
1 0 1 0 0 1 1 0 
0 1 0 1 0 0 1 1 
1 0 0 1 0 0 0 1 
1 1 1 1 0 0 0 0 
A^69 --> order: 69	poly: 47
1 1 1 1 0 1 0 0 
0 1 1 1 1 0 1 0 
0 0 1 1 1 1 0 1 
1 0 1 0 0 1 1 0 
0 1 0 1 0 0 1 1 
1 0 0 1 0 0 0 1 
1 1 1 1 0 0 0 0 
0 1 1 1 1 0 0 0 
A^70 --> order: 70	poly: 94
0 1 1 1 1 0 1 0 
0 0 1 1 1 1 0 1 
1 0 1 0 0 1 1 0 
0 1 0 1 0 0 1 1 
1 0 0 1 0 0 0 1 
1 1 1 1 0 0 0 0 
0 1 1 1 1 0 0 0 
0 0 1 1 1 1 0 0 
A^71 --> order: 71	poly: 188
0 0 1 1 1 1 0 1 
1 0 1 0 0 1 1 0 
0 1 0 1 0 0 1 1 
1 0 0 1 0 0 0 1 
1 1 1 1 0 0 0 0 
0 1 1 1 1 0 0 0 
0 0 1 1 1 1 0 0 
0 0 0 1 1 1 1 0 
A^72 --> order: 72	poly: 101
1 0 1 0 0 1 1 0 
0 1 0 1 0 0 1 1 
1 0 0 1 0 0 0 1 
1 1 1 1 0 0 0 0 
0 1 1 1 1 0 0 0 
0 0 1 1 1 1 0 0 
0 0 0 1 1 1 1 0 
0 0 0 0 1 1 1 1 
A^73 --> order: 73	poly: 202
0 1 0 1 0 0 1 1 
1 0 0 1 0 0 0 1 
1 1 1 1 0 0 0 0 
0 1 1 1 1 0 0 0 
0 0 1 1 1 1 0 0 
0 0 0 1 1 1 1 0 
0 0 0 0 1 1 1 1 
1 0 1 1 1 1 1 1 
A^74 --> order: 74	poly: 137
1 0 0 1 0 0 0 1 
1 1 1 1 0 0 0 0 
0 1 1 1 1 0 0 0 
0 0 1 1 1 1 0 0 
0 0 0 1 1 1 1 0 
0 0 0 0 1 1 1 1 
1 0 1 1 1 1 1 1 
1 1 1 0 0 1 1 1 
A^75 --> order: 75	poly: 15
1 1 1 1 0 0 0 0 
0 1 1 1 1 0 0 0 
0 0 1 1 1 1 0 0 
0 0 0 1 1 1 1 0 
0 0 0 0 1 1 1 1 
1 0 1 1 1 1 1 1 
1 1 1 0 0 1 1 1 
1 1 0 0 1 0 1 1 
A^76 --> order: 76	poly: 30
0 1 1 1 1 0 0 0 
0 0 1 1 1 1 0 0 
0 0 0 1 1 1 1 0 
0 0 0 0 1 1 1 1 
1 0 1 1 1 1 1 1 
1 1 1 0 0 1 1 1 
1 1 0 0 1 0 1 1 
1 1 0 1 1 1 0 1 
A^77 --> order: 77	poly: 60
0 0 1 1 1 1 0 0 
0 0 0 1 1 1 1 0 
0 0 0 0 1 1 1 1 
1 0 1 1 1 1 1 1 
1 1 1 0 0 1 1 1 
1 1 0 0 1 0 1 1 
1 1 0 1 1 1 0 1 
1 1 0 1 0 1 1 0 
A^78 --> order: 78	poly: 120
0 0 0 1 1 1 1 0 
0 0 0 0 1 1 1 1 
1 0 1 1 1 1 1 1 
1 1 1 0 0 1 1 1 
1 1 0 0 1 0 1 1 
1 1 0 1 1 1 0 1 
1 1 0 1 0 1 1 0 
0 1 1 0 1 0 1 1 
A^79 --> order: 79	poly: 240
0 0 0 0 1 1 1 1 
1 0 1 1 1 1 1 1 
1 1 1 0 0 1 1 1 
1 1 0 0 1 0 1 1 
1 1 0 1 1 1 0 1 
1 1 0 1 0 1 1 0 
0 1 1 0 1 0 1 1 
1 0 0 0 1 1 0 1 
A^80 --> order: 80	poly: 253
1 0 1 1 1 1 1 1 
1 1 1 0 0 1 1 1 
1 1 0 0 1 0 1 1 
1 1 0 1 1 1 0 1 
1 1 0 1 0 1 1 0 
0 1 1 0 1 0 1 1 
1 0 0 0 1 1 0 1 
1 1 1 1 1 1 1 0 
A^81 --> order: 81	poly: 231
1 1 1 0 0 1 1 1 
1 1 0 0 1 0 1 1 
1 1 0 1 1 1 0 1 
1 1 0 1 0 1 1 0 
0 1 1 0 1 0 1 1 
1 0 0 0 1 1 0 1 
1 1 1 1 1 1 1 0 
0 1 1 1 1 1 1 1 
A^82 --> order: 82	poly: 211
1 1 0 0 1 0 1 1 
1 1 0 1 1 1 0 1 
1 1 0 1 0 1 1 0 
0 1 1 0 1 0 1 1 
1 0 0 0 1 1 0 1 
1 1 1 1 1 1 1 0 
0 1 1 1 1 1 1 1 
1 0 0 0 0 1 1 1 
A^83 --> order: 83	poly: 187
1 1 0 1 1 1 0 1 
1 1 0 1 0 1 1 0 
0 1 1 0 1 0 1 1 
1 0 0 0 1 1 0 1 
1 1 1 1 1 1 1 0 
0 1 1 1 1 1 1 1 
1 0 0 0 0 1 1 1 
1 1 1 1 1 0 1 1 
A^84 --> order: 84	poly: 107
1 1 0 1 0 1 1 0 
0 1 1 0 1 0 1 1 
1 0 0 0 1 1 0 1 
1 1 1 1 1 1 1 0 
0 1 1 1 1 1 1 1 
1 0 0 0 0 1 1 1 
1 1 1 1 1 0 1 1 
1 1 0 0 0 1 0 1 
A^85 --> order: 85	poly: 214
0 1 1 0 1 0 1 1 
1 0 0 0 1 1 0 1 
1 1 1 1 1 1 1 0 
0 1 1 1 1 1 1 1 
1 0 0 0 0 1 1 1 
1 1 1 1 1 0 1 1 
1 1 0 0 0 1 0 1 
1 1 0 1 1 0 1 0 
A^86 --> order: 86	poly: 177
1 0 0 0 1 1 0 1 
1 1 1 1 1 1 1 0 
0 1 1 1 1 1 1 1 
1 0 0 0 0 1 1 1 
1 1 1 1 1 0 1 1 
1 1 0 0 0 1 0 1 
1 1 0 1 1 0 1 0 
0 1 1 0 1 1 0 1 
A^87 --> order: 87	poly: 127
1 1 1 1 1 1 1 0 
0 1 1 1 1 1 1 1 
1 0 0 0 0 1 1 1 
1 1 1 1 1 0 1 1 
1 1 0 0 0 1 0 1 
1 1 0 1 1 0 1 0 
0 1 1 0 1 1 0 1 
1 0 0 0 1 1 1 0 
A^88 --> order: 88	poly: 254
0 1 1 1 1 1 1 1 
1 0 0 0 0 1 1 1 
1 1 1 1 1 0 1 1 
1 1 0 0 0 1 0 1 
1 1 0 1 1 0 1 0 
0 1 1 0 1 1 0 1 
1 0 0 0 1 1 1 0 
0 1 0 0 0 1 1 1 
A^89 --> order: 89	poly: 225
1 0 0 0 0 1 1 1 
1 1 1 1 1 0 1 1 
1 1 0 0 0 1 0 1 
1 1 0 1 1 0 1 0 
0 1 1 0 1 1 0 1 
1 0 0 0 1 1 1 0 
0 1 0 0 0 1 1 1 
1 0 0 1 1 0 1 1 
A^90 --> order: 90	poly: 223
1 1 1 1 1 0 1 1 
1 1 0 0 0 1 0 1 
1 1 0 1 1 0 1 0 
0 1 1 0 1 1 0 1 
1 0 0 0 1 1 1 0 
0 1 0 0 0 1 1 1 
1 0 0 1 1 0 1 1 
1 1 1 1 0 1 0 1 
A^91 --> order: 91	poly: 163
1 1 0 0 0 1 0 1 
1 1 0 1 1 0 1 0 
0 1 1 0 1 1 0 1 
1 0 0 0 1 1 1 0 
0 1 0 0 0 1 1 1 
1 0 0 1 1 0 1 1 
1 1 1 1 0 1 0 1 
1 1 0 0 0 0 1 0 
A^92 --> order: 92	poly: 91
1 1 0 1 1 0 1 0 
0 1 1 0 1 1 0 1 
1 0 0 0 1 1 1 0 
0 1 0 0 0 1 1 1 
1 0 0 1 1 0 1 1 
1 1 1 1 0 1 0 1 
1 1 0 0 0 0 1 0 
0 1 1 0 0 0 0 1 
A^93 --> order: 93	poly: 182
0 1 1 0 1 1 0 1 
1 0 0 0 1 1 1 0 
0 1 0 0 0 1 1 1 
1 0 0 1 1 0 1 1 
1 1 1 1 0 1 0 1 
1 1 0 0 0 0 1 0 
0 1 1 0 0 0 0 1 
1 0 0 0 1 0 0 0 
A^94 --> order: 94	poly: 113
1 0 0 0 1 1 1 0 
0 1 0 0 0 1 1 1 
1 0 0 1 1 0 1 1 
1 1 1 1 0 1 0 1 
1 1 0 0 0 0 1 0 
0 1 1 0 0 0 0 1 
1 0 0 0 1 0 0 0 
0 1 0 0 0 1 0 0 
A^95 --> order: 95	poly: 226
0 1 0 0 0 1 1 1 
1 0 0 1 1 0 1 1 
1 1 1 1 0 1 0 1 
1 1 0 0 0 0 1 0 
0 1 1 0 0 0 0 1 
1 0 0 0 1 0 0 0 
0 1 0 0 0 1 0 0 
0 0 1 0 0 0 1 0 
A^96 --> order: 96	poly: 217
1 0 0 1 1 0 1 1 
1 1 1 1 0 1 0 1 
1 1 0 0 0 0 1 0 
0 1 1 0 0 0 0 1 
1 0 0 0 1 0 0 0 
0 1 0 0 0 1 0 0 
0 0 1 0 0 0 1 0 
0 0 0 1 0 0 0 1 
A^97 --> order: 97	poly: 175
1 1 1 1 0 1 0 1 
1 1 0 0 0 0 1 0 
0 1 1 0 0 0 0 1 
1 0 0 0 1 0 0 0 
0 1 0 0 0 1 0 0 
0 0 1 0 0 0 1 0 
0 0 0 1 0 0 0 1 
1 0 1 1 0 0 0 0 
A^98 --> order: 98	poly: 67
1 1 0 0 0 0 1 0 
0 1 1 0 0 0 0 1 
1 0 0 0 1 0 0 0 
0 1 0 0 0 1 0 0 
0 0 1 0 0 0 1 0 
0 0 0 1 0 0 0 1 
1 0 1 1 0 0 0 0 
0 1 0 1 1 0 0 0 
A^99 --> order: 99	poly: 134
0 1 1 0 0 0 0 1 
1 0 0 0 1 0 0 0 
0 1 0 0 0 1 0 0 
0 0 1 0 0 0 1 0 
0 0 0 1 0 0 0 1 
1 0 1 1 0 0 0 0 
0 1 0 1 1 0 0 0 
0 0 1 0 1 1 0 0 
A^100 --> order: 100	poly: 17
1 0 0 0 1 0 0 0 
0 1 0 0 0 1 0 0 
0 0 1 0 0 0 1 0 
0 0 0 1 0 0 0 1 
1 0 1 1 0 0 0 0 
0 1 0 1 1 0 0 0 
0 0 1 0 1 1 0 0 
0 0 0 1 0 1 1 0 
A^101 --> order: 101	poly: 34
0 1 0 0 0 1 0 0 
0 0 1 0 0 0 1 0 
0 0 0 1 0 0 0 1 
1 0 1 1 0 0 0 0 
0 1 0 1 1 0 0 0 
0 0 1 0 1 1 0 0 
0 0 0 1 0 1 1 0 
0 0 0 0 1 0 1 1 
A^102 --> order: 102	poly: 68
0 0 1 0 0 0 1 0 
0 0 0 1 0 0 0 1 
1 0 1 1 0 0 0 0 
0 1 0 1 1 0 0 0 
0 0 1 0 1 1 0 0 
0 0 0 1 0 1 1 0 
0 0 0 0 1 0 1 1 
1 0 1 1 1 1 0 1 
A^103 --> order: 103	poly: 136
0 0 0 1 0 0 0 1 
1 0 1 1 0 0 0 0 
0 1 0 1 1 0 0 0 
0 0 1 0 1 1 0 0 
0 0 0 1 0 1 1 0 
0 0 0 0 1 0 1 1 
1 0 1 1 1 1 0 1 
1 1 1 0 0 1 1 0 
A^104 --> order: 104	poly: 13
1 0 1 1 0 0 0 0 
0 1 0 1 1 0 0 0 
0 0 1 0 1 1 0 0 
0 0 0 1 0 1 1 0 
0 0 0 0 1 0 1 1 
1 0 1 1 1 1 0 1 
1 1 1 0 0 1 1 0 
0 1 1 1 0 0 1 1 
A^105 --> order: 105	poly: 26
0 1 0 1 1 0 0 0 
0 0 1 0 1 1 0 0 
0 0 0 1 0 1 1 0 
0 0 0 0 1 0 1 1 
1 0 1 1 1 1 0 1 
1 1 1 0 0 1 1 0 
0 1 1 1 0 0 1 1 
1 0 0 0 0 0 0 1 
A^106 --> order: 106	poly: 52
0 0 1 0 1 1 0 0 
0 0 0 1 0 1 1 0 
0 0 0 0 1 0 1 1 
1 0 1 1 1 1 0 1 
1 1 1 0 0 1 1 0 
0 1 1 1 0 0 1 1 
1 0 0 0 0 0 0 1 
1 1 1 1 1 0 0 0 
A^107 --> order: 107	poly: 104
0 0 0 1 0 1 1 0 
0 0 0 0 1 0 1 1 
1 0 1 1 1 1 0 1 
1 1 1 0 0 1 1 0 
0 1 1 1 0 0 1 1 
1 0 0 0 0 0 0 1 
1 1 1 1 1 0 0 0 
0 1 1 1 1 1 0 0 
A^108 --> order: 108	poly: 208
0 0 0 0 1 0 1 1 
1 0 1 1 1 1 0 1 
1 1 1 0 0 1 1 0 
0 1 1 1 0 0 1 1 
1 0 0 0 0 0 0 1 
1 1 1 1 1 0 0 0 
0 1 1 1 1 1 0 0 
0 0 1 1 1 1 1 0 
A^109 --> order: 109	poly: 189
1 0 1 1 1 1 0 1 
1 1 1 0 0 1 1 0 
0 1 1 1 0 0 1 1 
1 0 0 0 0 0 0 1 
1 1 1 1 1 0 0 0 
0 1 1 1 1 1 0 0 
0 0 1 1 1 1 1 0 
0 0 0 1 1 1 1 1 
A^110 --> order: 110	poly: 103
1 1 1 0 0 1 1 0 
0 1 1 1 0 0 1 1 
1 0 0 0 0 0 0 1 
1 1 1 1 1 0 0 0 
0 1 1 1 1 1 0 0 
0 0 1 1 1 1 1 0 
0 0 0 1 1 1 1 1 
1 0 1 1 0 1 1 1 
A^111 --> order: 111	poly: 206
0 1 1 1 0 0 1 1 
1 0 0 0 0 0 0 1 
1 1 1 1 1 0 0 0 
0 1 1 1 1 1 0 0 
0 0 1 1 1 1 1 0 
0 0 0 1 1 1 1 1 
1 0 1 1 0 1 1 1 
1 1 1 0 0 0 1 1 
A^112 --> order: 112	poly: 129
1 0 0 0 0 0 0 1 
1 1 1 1 1 0 0 0 
0 1 1 1 1 1 0 0 
0 0 1 1 1 1 1 0 
0 0 0 1 1 1 1 1 
1 0 1 1 0 1 1 1 
1 1 1 0 0 0 1 1 
1 1 0 0 1 0 0 1 
A^113 --> order: 113	poly: 31
1 1 1 1 1 0 0 0 
0 1 1 1 1 1 0 0 
0 0 1 1 1 1 1 0 
0 0 0 1 1 1 1 1 
1 0 1 1 0 1 1 1 
1 1 1 0 0 0 1 1 
1 1 0 0 1 0 0 1 
1 1 0 1 1 1 0 0 
A^114 --> order: 114	poly: 62
0 1 1 1 1 1 0 0 
0 0 1 1 1 1 1 0 
0 0 0 1 1 1 1 1 
1 0 1 1 0 1 1 1 
1 1 1 0 0 0 1 1 
1 1 0 0 1 0 0 1 
1 1 0 1 1 1 0 0 
0 1 1 0 1 1 1 0 
A^115 --> order: 115	poly: 124
0 0 1 1 1 1 1 0 
0 0 0 1 1 1 1 1 
1 0 1 1 0 1 1 1 
1 1 1 0 0 0 1 1 
1 1 0 0 1 0 0 1 
1 1 0 1 1 1 0 0 
0 1 1 0 1 1 1 0 
0 0 1 1 0 1 1 1 
A^116 --> order: 116	poly: 248
0 0 0 1 1 1 1 1 
1 0 1 1 0 1 1 1 
1 1 1 0 0 0 1 1 
1 1 0 0 1 0 0 1 
1 1 0 1 1 1 0 0 
0 1 1 0 1 1 1 0 
0 0 1 1 0 1 1 1 
1 0 1 0 0 0 1 1 
A^117 --> order: 117	poly: 237
1 0 1 1 0 1 1 1 
1 1 1 0 0 0 1 1 
1 1 0 0 1 0 0 1 
1 1 0 1 1 1 0 0 
0 1 1 0 1 1 1 0 
0 0 1 1 0 1 1 1 
1 0 1 0 0 0 1 1 
1 1 1 0 1 0 0 1 
A^118 --> order: 118	poly: 199
1 1 1 0 0 0 1 1 
1 1 0 0 1 0 0 1 
1 1 0 1 1 1 0 0 
0 1 1 0 1 1 1 0 
0 0 1 1 0 1 1 1 
1 0 1 0 0 0 1 1 
1 1 1 0 1 0 0 1 
1 1 0 0 1 1 0 0 
A^119 --> order: 119	poly: 147
1 1 0 0 1 0 0 1 
1 1 0 1 1 1 0 0 
0 1 1 0 1 1 1 0 
0 0 1 1 0 1 1 1 
1 0 1 0 0 0 1 1 
1 1 1 0 1 0 0 1 
1 1 0 0 1 1 0 0 
0 1 1 0 0 1 1 0 
A^120 --> order: 120	poly: 59
1 1 0 1 1 1 0 0 
0 1 1 0 1 1 1 0 
0 0 1 1 0 1 1 1 
1 0 1 0 0 0 1 1 
1 1 1 0 1 0 0 1 
1 1 0 0 1 1 0 0 
0 1 1 0 0 1 1 0 
0 0 1 1 0 0 1 1 
A^121 --> order: 121	poly: 118
0 1 1 0 1 1 1 0 
0 0 1 1 0 1 1 1 
1 0 1 0 0 0 1 1 
1 1 1 0 1 0 0 1 
1 1 0 0 1 1 0 0 
0 1 1 0 0 1 1 0 
0 0 1 1 0 0 1 1 
1 0 1 0 0 0 0 1 
A^122 --> order: 122	poly: 236
0 0 1 1 0 1 1 1 
1 0 1 0 0 0 1 1 
1 1 1 0 1 0 0 1 
1 1 0 0 1 1 0 0 
0 1 1 0 0 1 1 0 
0 0 1 1 0 0 1 1 
1 0 1 0 0 0 0 1 
1 1 1 0 1 0 0 0 
A^123 --> order: 123	poly: 197
1 0 1 0 0 0 1 1 
1 1 1 0 1 0 0 1 
1 1 0 0 1 1 0 0 
0 1 1 0 0 1 1 0 
0 0 1 1 0 0 1 1 
1 0 1 0 0 0 0 1 
1 1 1 0 1 0 0 0 
0 1 1 1 0 1 0 0 
A^124 --> order: 124	poly: 151
1 1 1 0 1 0 0 1 
1 1 0 0 1 1 0 0 
0 1 1 0 0 1 1 0 
0 0 1 1 0 0 1 1 
1 0 1 0 0 0 0 1 
1 1 1 0 1 0 0 0 
0 1 1 1 0 1 0 0 
0 0 1 1 1 0 1 0 
A^125 --> order: 125	poly: 51
1 1 0 0 1 1 0 0 
0 1 1 0 0 1 1 0 
0 0 1 1 0 0 1 1 
1 0 1 0 0 0 0 1 
1 1 1 0 1 0 0 0 
0 1 1 1 0 1 0 0 
0 0 1 1 1 0 1 0 
0 0 0 1 1 1 0 1 
A^126 --> order: 126	poly: 102
0 1 1 0 0 1 1 0 
0 0 1 1 0 0 1 1 
1 0 1 0 0 0 0 1 
1 1 1 0 1 0 0 0 
0 1 1 1 0 1 0 0 
0 0 1 1 1 0 1 0 
0 0 0 1 1 1 0 1 
1 0 1 1 0 1 1 0 
A^127 --> order: 127	poly: 204
0 0 1 1 0 0 1 1 
1 0 1 0 0 0 0 1 
1 1 1 0 1 0 0 0 
0 1 1 1 0 1 0 0 
0 0 1 1 1 0 1 0 
0 0 0 1 1 1 0 1 
1 0 1 1 0 1 1 0 
0 1 0 1 1 0 1 1 
A^128 --> order: 128	poly: 133
1 0 1 0 0 0 0 1 
1 1 1 0 1 0 0 0 
0 1 1 1 0 1 0 0 
0 0 1 1 1 0 1 0 
0 0 0 1 1 1 0 1 
1 0 1 1 0 1 1 0 
0 1 0 1 1 0 1 1 
1 0 0 1 0 1 0 1 
A^129 --> order: 129	poly: 23
1 1 1 0 1 0 0 0 
0 1 1 1 0 1 0 0 
0 0 1 1 1 0 1 0 
0 0 0 1 1 1 0 1 
1 0 1 1 0 1 1 0 
0 1 0 1 1 0 1 1 
1 0 0 1 0 1 0 1 
1 1 1 1 0 0 1 0 
A^130 --> order: 130	poly: 46
0 1 1 1 0 1 0 0 
0 0 1 1 1 0 1 0 
0 0 0 1 1 1 0 1 
1 0 1 1 0 1 1 0 
0 1 0 1 1 0 1 1 
1 0 0 1 0 1 0 1 
1 1 1 1 0 0 1 0 
0 1 1 1 1 0 0 1 
A^131 --> order: 131	poly: 92
0 0 1 1 1 0 1 0 
0 0 0 1 1 1 0 1 
1 0 1 1 0 1 1 0 
0 1 0 1 1 0 1 1 
1 0 0 1 0 1 0 1 
1 1 1 1 0 0 1 0 
0 1 1 1 1 0 0 1 
1 0 0 0 0 1 0 0 
A^132 --> order: 132	poly: 184
0 0 0 1 1 1 0 1 
1 0 1 1 0 1 1 0 
0 1 0 1 1 0 1 1 
1 0 0 1 0 1 0 1 
1 1 1 1 0 0 1 0 
0 1 1 1 1 0 0 1 
1 0 0 0 0 1 0 0 
0 1 0 0 0 0 1 0 
A^133 --> order: 133	poly: 109
1 0 1 1 0 1 1 0 
0 1 0 1 1 0 1 1 
1 0 0 1 0 1 0 1 
1 1 1 1 0 0 1 0 
0 1 1 1 1 0 0 1 
1 0 0 0 0 1 0 0 
0 1 0 0 0 0 1 0 
0 0 1 0 0 0 0 1 
A^134 --> order: 134	poly: 218
0 1 0 1 1 0 1 1 
1 0 0 1 0 1 0 1 
1 1 1 1 0 0 1 0 
0 1 1 1 1 0 0 1 
1 0 0 0 0 1 0 0 
0 1 0 0 0 0 1 0 
0 0 1 0 0 0 0 1 
1 0 1 0 1 0 0 0 
A^135 --> order: 135	poly: 169
1 0 0 1 0 1 0 1 
1 1 1 1 0 0 1 0 
0 1 1 1 1 0 0 1 
1 0 0 0 0 1 0 0 
0 1 0 0 0 0 1 0 
0 0 1 0 0 0 0 1 
1 0 1 0 1 0 0 0 
0 1 0 1 0 1 0 0 
A^136 --> order: 136	poly: 79
1 1 1 1 0 0 1 0 
0 1 1 1 1 0 0 1 
1 0 0 0 0 1 0 0 
0 1 0 0 0 0 1 0 
0 0 1 0 0 0 0 1 
1 0 1 0 1 0 0 0 
0 1 0 1 0 1 0 0 
0 0 1 0 1 0 1 0 
A^137 --> order: 137	poly: 158
0 1 1 1 1 0 0 1 
1 0 0 0 0 1 0 0 
0 1 0 0 0 0 1 0 
0 0 1 0 0 0 0 1 
1 0 1 0 1 0 0 0 
0 1 0 1 0 1 0 0 
0 0 1 0 1 0 1 0 
0 0 0 1 0 1 0 1 
A^138 --> order: 138	poly: 33
1 0 0 0 0 1 0 0 
0 1 0 0 0 0 1 0 
0 0 1 0 0 0 0 1 
1 0 1 0 1 0 0 0 
0 1 0 1 0 1 0 0 
0 0 1 0 1 0 1 0 
0 0 0 1 0 1 0 1 
1 0 1 1 0 0 1 0 
A^139 --> order: 139	poly: 66
0 1 0 0 0 0 1 0 
0 0 1 0 0 0 0 1 
1 0 1 0 1 0 0 0 
0 1 0 1 0 1 0 0 
0 0 1 0 1 0 1 0 
0 0 0 1 0 1 0 1 
1 0 1 1 0 0 1 0 
0 1 0 1 1 0 0 1 
A^140 --> order: 140	poly: 132
0 0 1 0 0 0 0 1 
1 0 1 0 1 0 0 0 
0 1 0 1 0 1 0 0 
0 0 1 0 1 0 1 0 
0 0 0 1 0 1 0 1 
1 0 1 1 0 0 1 0 
0 1 0 1 1 0 0 1 
1 0 0 1 0 1 0 0 
A^141 --> order: 141	poly: 21
1 0 1 0 1 0 0 0 
0 1 0 1 0 1 0 0 
0 0 1 0 1 0 1 0 
0 0 0 1 0 1 0 1 
1 0 1 1 0 0 1 0 
0 1 0 1 1 0 0 1 
1 0 0 1 0 1 0 0 
0 1 0 0 1 0 1 0 
A^142 --> order: 142	poly: 42
0 1 0 1 0 1 0 0 
0 0 1 0 1 0 1 0 
0 0 0 1 0 1 0 1 
1 0 1 1 0 0 1 0 
0 1 0 1 1 0 0 1 
1 0 0 1 0 1 0 0 
0 1 0 0 1 0 1 0 
0 0 1 0 0 1 0 1 
A^143 --> order: 143	poly: 84
0 0 1 0 1 0 1 0 
0 0 0 1 0 1 0 1 
1 0 1 1 0 0 1 0 
0 1 0 1 1 0 0 1 
1 0 0 1 0 1 0 0 
0 1 0 0 1 0 1 0 
0 0 1 0 0 1 0 1 
1 0 1 0 1 0 1 0 
A^144 --> order: 144	poly: 168
0 0 0 1 0 1 0 1 
1 0 1 1 0 0 1 0 
0 1 0 1 1 0 0 1 
1 0 0 1 0 1 0 0 
0 1 0 0 1 0 1 0 
0 0 1 0 0 1 0 1 
1 0 1 0 1 0 1 0 
0 1 0 1 0 1 0 1 
A^145 --> order: 145	poly: 77
1 0 1 1 0 0 1 0 
0 1 0 1 1 0 0 1 
1 0 0 1 0 1 0 0 
0 1 0 0 1 0 1 0 
0 0 1 0 0 1 0 1 
1 0 1 0 1 0 1 0 
0 1 0 1 0 1 0 1 
1 0 0 1 0 0 1 0 
A^146 --> order: 146	poly: 154
0 1 0 1 1 0 0 1 
1 0 0 1 0 1 0 0 
0 1 0 0 1 0 1 0 
0 0 1 0 0 1 0 1 
1 0 1 0 1 0 1 0 
0 1 0 1 0 1 0 1 
1 0 0 1 0 0 1 0 
0 1 0 0 1 0 0 1 
A^147 --> order: 147	poly: 41
1 0 0 1 0 1 0 0 
0 1 0 0 1 0 1 0 
0 0 1 0 0 1 0 1 
1 0 1 0 1 0 1 0 
0 1 0 1 0 1 0 1 
1 0 0 1 0 0 1 0 
0 1 0 0 1 0 0 1 
1 0 0 1 1 1 0 0 
A^148 --> order: 148	poly: 82
0 1 0 0 1 0 1 0 
0 0 1 0 0 1 0 1 
1 0 1 0 1 0 1 0 
0 1 0 1 0 1 0 1 
1 0 0 1 0 0 1 0 
0 1 0 0 1 0 0 1 
1 0 0 1 1 1 0 0 
0 1 0 0 1 1 1 0 
A^149 --> order: 149	poly: 164
0 0 1 0 0 1 0 1 
1 0 1 0 1 0 1 0 
0 1 0 1 0 1 0 1 
1 0 0 1 0 0 1 0 
0 1 0 0 1 0 0 1 
1 0 0 1 1 1 0 0 
0 1 0 0 1 1 1 0 
0 0 1 0 0 1 1 1 
A^150 --> order: 150	poly: 85
1 0 1 0 1 0 1 0 
0 1 0 1 0 1 0 1 
1 0 0 1 0 0 1 0 
0 1 0 0 1 0 0 1 
1 0 0 1 1 1 0 0 
0 1 0 0 1 1 1 0 
0 0 1 0 0 1 1 1 
1 0 1 0 1 0 1 1 
A^151 --> order: 151	poly: 170
0 1 0 1 0 1 0 1 
1 0 0 1 0 0 1 0 
0 1 0 0 1 0 0 1 
1 0 0 1 1 1 0 0 
0 1 0 0 1 1 1 0 
0 0 1 0 0 1 1 1 
1 0 1 0 1 0 1 1 
1 1 1 0 1 1 0 1 
A^152 --> order: 152	poly: 73
1 0 0 1 0 0 1 0 
0 1 0 0 1 0 0 1 
1 0 0 1 1 1 0 0 
0 1 0 0 1 1 1 0 
0 0 1 0 0 1 1 1 
1 0 1 0 1 0 1 1 
1 1 1 0 1 1 0 1 
1 1 0 0 1 1 1 0 
A^153 --> order: 153	poly: 146
0 1 0 0 1 0 0 1 
1 0 0 1 1 1 0 0 
0 1 0 0 1 1 1 0 
0 0 1 0 0 1 1 1 
1 0 1 0 1 0 1 1 
1 1 1 0 1 1 0 1 
1 1 0 0 1 1 1 0 
0 1 1 0 0 1 1 1 
A^154 --> order: 154	poly: 57
1 0 0 1 1 1 0 0 
0 1 0 0 1 1 1 0 
0 0 1 0 0 1 1 1 
1 0 1 0 1 0 1 1 
1 1 1 0 1 1 0 1 
1 1 0 0 1 1 1 0 
0 1 1 0 0 1 1 1 
1 0 0 0 1 0 1 1 
A^155 --> order: 155	poly: 114
0 1 0 0 1 1 1 0 
0 0 1 0 0 1 1 1 
1 0 1 0 1 0 1 1 
1 1 1 0 1 1 0 1 
1 1 0 0 1 1 1 0 
0 1 1 0 0 1 1 1 
1 0 0 0 1 0 1 1 
1 1 1 1 1 1 0 1 
A^156 --> order: 156	poly: 228
0 0 1 0 0 1 1 1 
1 0 1 0 1 0 1 1 
1 1 1 0 1 1 0 1 
1 1 0 0 1 1 1 0 
0 1 1 0 0 1 1 1 
1 0 0 0 1 0 1 1 
1 1 1 1 1 1 0 1 
1 1 0 0 0 1 1 0 
A^157 --> order: 157	poly: 213
1 0 1 0 1 0 1 1 
1 1 1 0 1 1 0 1 
1 1 0 0 1 1 1 0 
0 1 1 0 0 1 1 1 
1 0 0 0 1 0 1 1 
1 1 1 1 1 1 0 1 
1 1 0 0 0 1 1 0 
0 1 1 0 0 0 1 1 
A^158 --> order: 158	poly: 183
1 1 1 0 1 1 0 1 
1 1 0 0 1 1 1 0 
0 1 1 0 0 1 1 1 
1 0 0 0 1 0 1 1 
1 1 1 1 1 1 0 1 
1 1 0 0 0 1 1 0 
0 1 1 0 0 0 1 1 
1 0 0 0 1 0 0 1 
A^159 --> order: 159	poly: 115
1 1 0 0 1 1 1 0 
0 1 1 0 0 1 1 1 
1 0 0 0 1 0 1 1 
1 1 1 1 1 1 0 1 
1 1 0 0 0 1 1 0 
0 1 1 0 0 0 1 1 
1 0 0 0 1 0 0 1 
1 1 1 1 1 1 0 0 
A^160 --> order: 160	poly: 230
0 1 1 0 0 1 1 1 
1 0 0 0 1 0 1 1 
1 1 1 1 1 1 0 1 
1 1 0 0 0 1 1 0 
0 1 1 0 0 0 1 1 
1 0 0 0 1 0 0 1 
1 1 1 1 1 1 0 0 
0 1 1 1 1 1 1 0 
A^161 --> order: 161	poly: 209
1 0 0 0 1 0 1 1 
1 1 1 1 1 1 0 1 
1 1 0 0 0 1 1 0 
0 1 1 0 0 0 1 1 
1 0 0 0 1 0 0 1 
1 1 1 1 1 1 0 0 
0 1 1 1 1 1 1 0 
0 0 1 1 1 1 1 1 
A^162 --> order: 162	poly: 191
1 1 1 1 1 1 0 1 
1 1 0 0 0 1 1 0 
0 1 1 0 0 0 1 1 
1 0 0 0 1 0 0 1 
1 1 1 1 1 1 0 0 
0 1 1 1 1 1 1 0 
0 0 1 1 1 1 1 1 
1 0 1 0 0 1 1 1 
A^163 --> order: 163	poly: 99
1 1 0 0 0 1 1 0 
0 1 1 0 0 0 1 1 
1 0 0 0 1 0 0 1 
1 1 1 1 1 1 0 0 
0 1 1 1 1 1 1 0 
0 0 1 1 1 1 1 1 
1 0 1 0 0 1 1 1 
1 1 1 0 1 0 1 1 
A^164 --> order: 164	poly: 198
0 1 1 0 0 0 1 1 
1 0 0 0 1 0 0 1 
1 1 1 1 1 1 0 0 
0 1 1 1 1 1 1 0 
0 0 1 1 1 1 1 1 
1 0 1 0 0 1 1 1 
1 1 1 0 1 0 1 1 
1 1 0 0 1 1 0 1 
A^165 --> order: 165	poly: 145
1 0 0 0 1 0 0 1 
1 1 1 1 1 1 0 0 
0 1 1 1 1 1 1 0 
0 0 1 1 1 1 1 1 
1 0 1 0 0 1 1 1 
1 1 1 0 1 0 1 1 
1 1 0 0 1 1 0 1 
1 1 0 1 1 1 1 0 
A^166 --> order: 166	poly: 63
1 1 1 1 1 1 0 0 
0 1 1 1 1 1 1 0 
0 0 1 1 1 1 1 1 
1 0 1 0 0 1 1 1 
1 1 1 0 1 0 1 1 
1 1 0 0 1 1 0 1 
1 1 0 1 1 1 1 0 
0 1 1 0 1 1 1 1 
A^167 --> order: 167	poly: 126
0 1 1 1 1 1 1 0 
0 0 1 1 1 1 1 1 
1 0 1 0 0 1 1 1 
1 1 1 0 1 0 1 1 
1 1 0 0 1 1 0 1 
1 1 0 1 1 1 1 0 
0 1 1 0 1 1 1 1 
1 0 0 0 1 1 1 1 
A^168 --> order: 168	poly: 252
0 0 1 1 1 1 1 1 
1 0 1 0 0 1 1 1 
1 1 1 0 1 0 1 1 
1 1 0 0 1 1 0 1 
1 1 0 1 1 1 1 0 
0 1 1 0 1 1 1 1 
1 0 0 0 1 1 1 1 
1 1 1 1 1 1 1 1 
A^169 --> order: 169	poly: 229
1 0 1 0 0 1 1 1 
1 1 1 0 1 0 1 1 
1 1 0 0 1 1 0 1 
1 1 0 1 1 1 1 0 
0 1 1 0 1 1 1 1 
1 0 0 0 1 1 1 1 
1 1 1 1 1 1 1 1 
1 1 0 0 0 1 1 1 
A^170 --> order: 170	poly: 215
1 1 1 0 1 0 1 1 
1 1 0 0 1 1 0 1 
1 1 0 1 1 1 1 0 
0 1 1 0 1 1 1 1 
1 0 0 0 1 1 1 1 
1 1 1 1 1 1 1 1 
1 1 0 0 0 1 1 1 
1 1 0 1 1 0 1 1 
A^171 --> order: 171	poly: 179
1 1 0 0 1 1 0 1 
1 1 0 1 1 1 1 0 
0 1 1 0 1 1 1 1 
1 0 0 0 1 1 1 1 
1 1 1 1 1 1 1 1 
1 1 0 0 0 1 1 1 
1 1 0 1 1 0 1 1 
1 1 0 1 0 1 0 1 
A^172 --> order: 172	poly: 123
1 1 0 1 1 1 1 0 
0 1 1 0 1 1 1 1 
1 0 0 0 1 1 1 1 
1 1 1 1 1 1 1 1 
1 1 0 0 0 1 1 1 
1 1 0 1 1 0 1 1 
1 1 0 1 0 1 0 1 
1 1 0 1 0 0 1 0 
A^173 --> order: 173	poly: 246
0 1 1 0 1 1 1 1 
1 0 0 0 1 1 1 1 
1 1 1 1 1 1 1 1 
1 1 0 0 0 1 1 1 
1 1 0 1 1 0 1 1 
1 1 0 1 0 1 0 1 
1 1 0 1 0 0 1 0 
0 1 1 0 1 0 0 1 
A^174 --> order: 174	poly: 241
1 0 0 0 1 1 1 1 
1 1 1 1 1 1 1 1 
1 1 0 0 0 1 1 1 
1 1 0 1 1 0 1 1 
1 1 0 1 0 1 0 1 
1 1 0 1 0 0 1 0 
0 1 1 0 1 0 0 1 
1 0 0 0 1 1 0 0 
A^175 --> order: 175	poly: 255
1 1 1 1 1 1 1 1 
1 1 0 0 0 1 1 1 
1 1 0 1 1 0 1 1 
1 1 0 1 0 1 0 1 
1 1 0 1 0 0 1 0 
0 1 1 0 1 0 0 1 
1 0 0 0 1 1 0 0 
0 1 0 0 0 1 1 0 
A^176 --> order: 176	poly: 227
1 1 0 0 0 1 1 1 
1 1 0 1 1 0 1 1 
1 1 0 1 0 1 0 1 
1 1 0 1 0 0 1 0 
0 1 1 0 1 0 0 1 
1 0 0 0 1 1 0 0 
0 1 0 0 0 1 1 0 
0 0 1 0 0 0 1 1 
A^177 --> order: 177	poly: 219
1 1 0 1 1 0 1 1 
1 1 0 1 0 1 0 1 
1 1 0 1 0 0 1 0 
0 1 1 0 1 0 0 1 
1 0 0 0 1 1 0 0 
0 1 0 0 0 1 1 0 
0 0 1 0 0 0 1 1 
1 0 1 0 1 0 0 1 
A^178 --> order: 178	poly: 171
1 1 0 1 0 1 0 1 
1 1 0 1 0 0 1 0 
0 1 1 0 1 0 0 1 
1 0 0 0 1 1 0 0 
0 1 0 0 0 1 1 0 
0 0 1 0 0 0 1 1 
1 0 1 0 1 0 0 1 
1 1 1 0 1 1 0 0 
A^179 --> order: 179	poly: 75
1 1 0 1 0 0 1 0 
0 1 1 0 1 0 0 1 
1 0 0 0 1 1 0 0 
0 1 0 0 0 1 1 0 
0 0 1 0 0 0 1 1 
1 0 1 0 1 0 0 1 
1 1 1 0 1 1 0 0 
0 1 1 1 0 1 1 0 
A^180 --> order: 180	poly: 150
0 1 1 0 1 0 0 1 
1 0 0 0 1 1 0 0 
0 1 0 0 0 1 1 0 
0 0 1 0 0 0 1 1 
1 0 1 0 1 0 0 1 
1 1 1 0 1 1 0 0 
0 1 1 1 0 1 1 0 
0 0 1 1 1 0 1 1 
A^181 --> order: 181	poly: 49
1 0 0 0 1 1 0 0 
0 1 0 0 0 1 1 0 
0 0 1 0 0 0 1 1 
1 0 1 0 1 0 0 1 
1 1 1 0 1 1 0 0 
0 1 1 1 0 1 1 0 
0 0 1 1 1 0 1 1 
1 0 1 0 0 1 0 1 
A^182 --> order: 182	poly: 98
0 1 0 0 0 1 1 0 
0 0 1 0 0 0 1 1 
1 0 1 0 1 0 0 1 
1 1 1 0 1 1 0 0 
0 1 1 1 0 1 1 0 
0 0 1 1 1 0 1 1 
1 0 1 0 0 1 0 1 
1 1 1 0 1 0 1 0 
A^183 --> order: 183	poly: 196
0 0 1 0 0 0 1 1 
1 0 1 0 1 0 0 1 
1 1 1 0 1 1 0 0 
0 1 1 1 0 1 1 0 
0 0 1 1 1 0 1 1 
1 0 1 0 0 1 0 1 
1 1 1 0 1 0 1 0 
0 1 1 1 0 1 0 1 
A^184 --> order: 184	poly: 149
1 0 1 0 1 0 0 1 
1 1 1 0 1 1 0 0 
0 1 1 1 0 1 1 0 
0 0 1 1 1 0 1 1 
1 0 1 0 0 1 0 1 
1 1 1 0 1 0 1 0 
0 1 1 1 0 1 0 1 
1 0 0 0 0 0 1 0 
A^185 --> order: 185	poly: 55
1 1 1 0 1 1 0 0 
0 1 1 1 0 1 1 0 
0 0 1 1 1 0 1 1 
1 0 1 0 0 1 0 1 
1 1 1 0 1 0 1 0 
0 1 1 1 0 1 0 1 
1 0 0 0 0 0 1 0 
0 1 0 0 0 0 0 1 
A^186 --> order: 186	poly: 110
0 1 1 1 0 1 1 0 
0 0 1 1 1 0 1 1 
1 0 1 0 0 1 0 1 
1 1 1 0 1 0 1 0 
0 1 1 1 0 1 0 1 
1 0 0 0 0 0 1 0 
0 1 0 0 0 0 0 1 
1 0 0 1 1 0 0 0 
A^187 --> order: 187	poly: 220
0 0 1 1 1 0 1 1 
1 0 1 0 0 1 0 1 
1 1 1 0 1 0 1 0 
0 1 1 1 0 1 0 1 
1 0 0 0 0 0 1 0 
0 1 0 0 0 0 0 1 
1 0 0 1 1 0 0 0 
0 1 0 0 1 1 0 0 
A^188 --> order: 188	poly: 165
1 0 1 0 0 1 0 1 
1 1 1 0 1 0 1 0 
0 1 1 1 0 1 0 1 
1 0 0 0 0 0 1 0 
0 1 0 0 0 0 0 1 
1 0 0 1 1 0 0 0 
0 1 0 0 1 1 0 0 
0 0 1 0 0 1 1 0 
A^189 --> order: 189	poly: 87
1 1 1 0 1 0 1 0 
0 1 1 1 0 1 0 1 
1 0 0 0 0 0 1 0 
0 1 0 0 0 0 0 1 
1 0 0 1 1 0 0 0 
0 1 0 0 1 1 0 0 
0 0 1 0 0 1 1 0 
0 0 0 1 0 0 1 1 
A^190 --> order: 190	poly: 174
0 1 1 1 0 1 0 1 
1 0 0 0 0 0 1 0 
0 1 0 0 0 0 0 1 
1 0 0 1 1 0 0 0 
0 1 0 0 1 1 0 0 
0 0 1 0 0 1 1 0 
0 0 0 1 0 0 1 1 
1 0 1 1 0 0 0 1 
A^191 --> order: 191	poly: 65
1 0 0 0 0 0 1 0 
0 1 0 0 0 0 0 1 
1 0 0 1 1 0 0 0 
0 1 0 0 1 1 0 0 
0 0 1 0 0 1 1 0 
0 0 0 1 0 0 1 1 
1 0 1 1 0 0 0 1 
1 1 1 0 0 0 0 0 
A^192 --> order: 192	poly: 130
0 1 0 0 0 0 0 1 
1 0 0 1 1 0 0 0 
0 1 0 0 1 1 0 0 
0 0 1 0 0 1 1 0 
0 0 0 1 0 0 1 1 
1 0 1 1 0 0 0 1 
1 1 1 0 0 0 0 0 
0 1 1 1 0 0 0 0 
A^193 --> order: 193	poly: 25
1 0 0 1 1 0 0 0 
0 1 0 0 1 1 0 0 
0 0 1 0 0 1 1 0 
0 0 0 1 0 0 1 1 
1 0 1 1 0 0 0 1 
1 1 1 0 0 0 0 0 
0 1 1 1 0 0 0 0 
0 0 1 1 1 0 0 0 
A^194 --> order: 194	poly: 50
0 1 0 0 1 1 0 0 
0 0 1 0 0 1 1 0 
0 0 0 1 0 0 1 1 
1 0 1 1 0 0 0 1 
1 1 1 0 0 0 0 0 
0 1 1 1 0 0 0 0 
0 0 1 1 1 0 0 0 
0 0 0 1 1 1 0 0 
A^195 --> order: 195	poly: 100
0 0 1 0 0 1 1 0 
0 0 0 1 0 0 1 1 
1 0 1 1 0 0 0 1 
1 1 1 0 0 0 0 0 
0 1 1 1 0 0 0 0 
0 0 1 1 1 0 0 0 
0 0 0 1 1 1 0 0 
0 0 0 0 1 1 1 0 
A^196 --> order: 196	poly: 200
0 0 0 1 0 0 1 1 
1 0 1 1 0 0 0 1 
1 1 1 0 0 0 0 0 
0 1 1 1 0 0 0 0 
0 0 1 1 1 0 0 0 
0 0 0 1 1 1 0 0 
0 0 0 0 1 1 1 0 
0 0 0 0 0 1 1 1 
A^197 --> order: 197	poly: 141
1 0 1 1 0 0 0 1 
1 1 1 0 0 0 0 0 
0 1 1 1 0 0 0 0 
0 0 1 1 1 0 0 0 
0 0 0 1 1 1 0 0 
0 0 0 0 1 1 1 0 
0 0 0 0 0 1 1 1 
1 0 1 1 1 0 1 1 
A^198 --> order: 198	poly: 7
1 1 1 0 0 0 0 0 
0 1 1 1 0 0 0 0 
0 0 1 1 1 0 0 0 
0 0 0 1 1 1 0 0 
0 0 0 0 1 1 1 0 
0 0 0 0 0 1 1 1 
1 0 1 1 1 0 1 1 
1 1 1 0 0 1 0 1 
A^199 --> order: 199	poly: 14
0 1 1 1 0 0 0 0 
0 0 1 1 1 0 0 0 
0 0 0 1 1 1 0 0 
0 0 0 0 1 1 1 0 
0 0 0 0 0 1 1 1 
1 0 1 1 1 0 1 1 
1 1 1 0 0 1 0 1 
1 1 0 0 1 0 1 0 
A^200 --> order: 200	poly: 28
0 0 1 1 1 0 0 0 
0 0 0 1 1 1 0 0 
0 0 0 0 1 1 1 0 
0 0 0 0 0 1 1 1 
1 0 1 1 1 0 1 1 
1 1 1 0 0 1 0 1 
1 1 0 0 1 0 1 0 
0 1 1 0 0 1 0 1 
A^201 --> order: 201	poly: 56
0 0 0 1 1 1 0 0 
0 0 0 0 1 1 1 0 
0 0 0 0 0 1 1 1 
1 0 1 1 1 0 1 1 
1 1 1 0 0 1 0 1 
1 1 0 0 1 0 1 0 
0 1 1 0 0 1 0 1 
1 0 0 0 1 0 1 0 
A^202 --> order: 202	poly: 112
0 0 0 0 1 1 1 0 
0 0 0 0 0 1 1 1 
1 0 1 1 1 0 1 1 
1 1 1 0 0 1 0 1 
1 1 0 0 1 0 1 0 
0 1 1 0 0 1 0 1 
1 0 0 0 1 0 1 0 
0 1 0 0 0 1 0 1 
A^203 --> order: 203	poly: 224
0 0 0 0 0 1 1 1 
1 0 1 1 1 0 1 1 
1 1 1 0 0 1 0 1 
1 1 0 0 1 0 1 0 
0 1 1 0 0 1 0 1 
1 0 0 0 1 0 1 0 
0 1 0 0 0 1 0 1 
1 0 0 1 1 0 1 0 
A^204 --> order: 204	poly: 221
1 0 1 1 1 0 1 1 
1 1 1 0 0 1 0 1 
1 1 0 0 1 0 1 0 
0 1 1 0 0 1 0 1 
1 0 0 0 1 0 1 0 
0 1 0 0 0 1 0 1 
1 0 0 1 1 0 1 0 
0 1 0 0 1 1 0 1 
A^205 --> order: 205	poly: 167
1 1 1 0 0 1 0 1 
1 1 0 0 1 0 1 0 
0 1 1 0 0 1 0 1 
1 0 0 0 1 0 1 0 
0 1 0 0 0 1 0 1 
1 0 0 1 1 0 1 0 
0 1 0 0 1 1 0 1 
1 0 0 1 1 1 1 0 
A^206 --> order: 206	poly: 83
1 1 0 0 1 0 1 0 
0 1 1 0 0 1 0 1 
1 0 0 0 1 0 1 0 
0 1 0 0 0 1 0 1 
1 0 0 1 1 0 1 0 
0 1 0 0 1 1 0 1 
1 0 0 1 1 1 1 0 
0 1 0 0 1 1 1 1 
A^207 --> order: 207	poly: 166
0 1 1 0 0 1 0 1 
1 0 0 0 1 0 1 0 
0 1 0 0 0 1 0 1 
1 0 0 1 1 0 1 0 
0 1 0 0 1 1 0 1 
1 0 0 1 1 1 1 0 
0 1 0 0 1 1 1 1 
1 0 0 1 1 1 1 1 
A^208 --> order: 208	poly: 81
1 0 0 0 1 0 1 0 
0 1 0 0 0 1 0 1 
1 0 0 1 1 0 1 0 
0 1 0 0 1 1 0 1 
1 0 0 1 1 1 1 0 
0 1 0 0 1 1 1 1 
1 0 0 1 1 1 1 1 
1 1 1 1 0 1 1 1 
A^209 --> order: 209	poly: 162
0 1 0 0 0 1 0 1 
1 0 0 1 1 0 1 0 
0 1 0 0 1 1 0 1 
1 0 0 1 1 1 1 0 
0 1 0 0 1 1 1 1 
1 0 0 1 1 1 1 1 
1 1 1 1 0 1 1 1 
1 1 0 0 0 0 1 1 
A^210 --> order: 210	poly: 89
1 0 0 1 1 0 1 0 
0 1 0 0 1 1 0 1 
1 0 0 1 1 1 1 0 
0 1 0 0 1 1 1 1 
1 0 0 1 1 1 1 1 
1 1 1 1 0 1 1 1 
1 1 0 0 0 0 1 1 
1 1 0 1 1 0 0 1 
A^211 --> order: 211	poly: 178
0 1 0 0 1 1 0 1 
1 0 0 1 1 1 1 0 
0 1 0 0 1 1 1 1 
1 0 0 1 1 1 1 1 
1 1 1 1 0 1 1 1 
1 1 0 0 0 0 1 1 
1 1 0 1 1 0 0 1 
1 1 0 1 0 1 0 0 
A^212 --> order: 212	poly: 121
1 0 0 1 1 1 1 0 
0 1 0 0 1 1 1 1 
1 0 0 1 1 1 1 1 
1 1 1 1 0 1 1 1 
1 1 0 0 0 0 1 1 
1 1 0 1 1 0 0 1 
1 1 0 1 0 1 0 0 
0 1 1 0 1 0 1 0 
A^213 --> order: 213	poly: 242
0 1 0 0 1 1 1 1 
1 0 0 1 1 1 1 1 
1 1 1 1 0 1 1 1 
1 1 0 0 0 0 1 1 
1 1 0 1 1 0 0 1 
1 1 0 1 0 1 0 0 
0 1 1 0 1 0 1 0 
0 0 1 1 0 1 0 1 
A^214 --> order: 214	poly: 249
1 0 0 1 1 1 1 1 
1 1 1 1 0 1 1 1 
1 1 0 0 0 0 1 1 
1 1 0 1 1 0 0 1 
1 1 0 1 0 1 0 0 
0 1 1 0 1 0 1 0 
0 0 1 1 0 1 0 1 
1 0 1 0 0 0 1 0 
A^215 --> order: 215	poly: 239
1 1 1 1 0 1 1 1 
1 1 0 0 0 0 1 1 
1 1 0 1 1 0 0 1 
1 1 0 1 0 1 0 0 
0 1 1 0 1 0 1 0 
0 0 1 1 0 1 0 1 
1 0 1 0 0 0 1 0 
0 1 0 1 0 0 0 1 
A^216 --> order: 216	poly: 195
1 1 0 0 0 0 1 1 
1 1 0 1 1 0 0 1 
1 1 0 1 0 1 0 0 
0 1 1 0 1 0 1 0 
0 0 1 1 0 1 0 1 
1 0 1 0 0 0 1 0 
0 1 0 1 0 0 0 1 
1 0 0 1 0 0 0 0 
A^217 --> order: 217	poly: 155
1 1 0 1 1 0 0 1 
1 1 0 1 0 1 0 0 
0 1 1 0 1 0 1 0 
0 0 1 1 0 1 0 1 
1 0 1 0 0 0 1 0 
0 1 0 1 0 0 0 1 
1 0 0 1 0 0 0 0 
0 1 0 0 1 0 0 0 
A^218 --> order: 218	poly: 43
1 1 0 1 0 1 0 0 
0 1 1 0 1 0 1 0 
0 0 1 1 0 1 0 1 
1 0 1 0 0 0 1 0 
0 1 0 1 0 0 0 1 
1 0 0 1 0 0 0 0 
0 1 0 0 1 0 0 0 
0 0 1 0 0 1 0 0 
A^219 --> order: 219	poly: 86
0 1 1 0 1 0 1 0 
0 0 1 1 0 1 0 1 
1 0 1 0 0 0 1 0 
0 1 0 1 0 0 0 1 
1 0 0 1 0 0 0 0 
0 1 0 0 1 0 0 0 
0 0 1 0 0 1 0 0 
0 0 0 1 0 0 1 0 
A^220 --> order: 220	poly: 172
0 0 1 1 0 1 0 1 
1 0 1 0 0 0 1 0 
0 1 0 1 0 0 0 1 
1 0 0 1 0 0 0 0 
0 1 0 0 1 0 0 0 
0 0 1 0 0 1 0 0 
0 0 0 1 0 0 1 0 
0 0 0 0 1 0 0 1 
A^221 --> order: 221	poly: 69
1 0 1 0 0 0 1 0 
0 1 0 1 0 0 0 1 
1 0 0 1 0 0 0 0 
0 1 0 0 1 0 0 0 
0 0 1 0 0 1 0 0 
0 0 0 1 0 0 1 0 
0 0 0 0 1 0 0 1 
1 0 1 1 1 1 0 0 
A^222 --> order: 222	poly: 138
0 1 0 1 0 0 0 1 
1 0 0 1 0 0 0 0 
0 1 0 0 1 0 0 0 
0 0 1 0 0 1 0 0 
0 0 0 1 0 0 1 0 
0 0 0 0 1 0 0 1 
1 0 1 1 1 1 0 0 
0 1 0 1 1 1 1 0 
A^223 --> order: 223	poly: 9
1 0 0 1 0 0 0 0 
0 1 0 0 1 0 0 0 
0 0 1 0 0 1 0 0 
0 0 0 1 0 0 1 0 
0 0 0 0 1 0 0 1 
1 0 1 1 1 1 0 0 
0 1 0 1 1 1 1 0 
0 0 1 0 1 1 1 1 
A^224 --> order: 224	poly: 18
0 1 0 0 1 0 0 0 
0 0 1 0 0 1 0 0 
0 0 0 1 0 0 1 0 
0 0 0 0 1 0 0 1 
1 0 1 1 1 1 0 0 
0 1 0 1 1 1 1 0 
0 0 1 0 1 1 1 1 
1 0 1 0 1 1 1 1 
A^225 --> order: 225	poly: 36
0 0 1 0 0 1 0 0 
0 0 0 1 0 0 1 0 
0 0 0 0 1 0 0 1 
1 0 1 1 1 1 0 0 
0 1 0 1 1 1 1 0 
0 0 1 0 1 1 1 1 
1 0 1 0 1 1 1 1 
1 1 1 0 1 1 1 1 
A^226 --> order: 226	poly: 72
0 0 0 1 0 0 1 0 
0 0 0 0 1 0 0 1 
1 0 1 1 1 1 0 0 
0 1 0 1 1 1 1 0 
0 0 1 0 1 1 1 1 
1 0 1 0 1 1 1 1 
1 1 1 0 1 1 1 1 
1 1 0 0 1 1 1 1 
A^227 --> order: 227	poly: 144
0 0 0 0 1 0 0 1 
1 0 1 1 1 1 0 0 
0 1 0 1 1 1 1 0 
0 0 1 0 1 1 1 1 
1 0 1 0 1 1 1 1 
1 1 1 0 1 1 1 1 
1 1 0 0 1 1 1 1 
1 1 0 1 1 1 1 1 
A^228 --> order: 228	poly: 61
1 0 1 1 1 1 0 0 
0 1 0 1 1 1 1 0 
0 0 1 0 1 1 1 1 
1 0 1 0 1 1 1 1 
1 1 1 0 1 1 1 1 
1 1 0 0 1 1 1 1 
1 1 0 1 1 1 1 1 
1 1 0 1 0 1 1 1 
A^229 --> order: 229	poly: 122
0 1 0 1 1 1 1 0 
0 0 1 0 1 1 1 1 
1 0 1 0 1 1 1 1 
1 1 1 0 1 1 1 1 
1 1 0 0 1 1 1 1 
1 1 0 1 1 1 1 1 
1 1 0 1 0 1 1 1 
1 1 0 1 0 0 1 1 
A^230 --> order: 230	poly: 244
0 0 1 0 1 1 1 1 
1 0 1 0 1 1 1 1 
1 1 1 0 1 1 1 1 
1 1 0 0 1 1 1 1 
1 1 0 1 1 1 1 1 
1 1 0 1 0 1 1 1 
1 1 0 1 0 0 1 1 
1 1 0 1 0 0 0 1 
A^231 --> order: 231	poly: 245
1 0 1 0 1 1 1 1 
1 1 1 0 1 1 1 1 
1 1 0 0 1 1 1 1 
1 1 0 1 1 1 1 1 
1 1 0 1 0 1 1 1 
1 1 0 1 0 0 1 1 
1 1 0 1 0 0 0 1 
1 1 0 1 0 0 0 0 
A^232 --> order: 232	poly: 247
1 1 1 0 1 1 1 1 
1 1 0 0 1 1 1 1 
1 1 0 1 1 1 1 1 
1 1 0 1 0 1 1 1 
1 1 0 1 0 0 1 1 
1 1 0 1 0 0 0 1 
1 1 0 1 0 0 0 0 
0 1 1 0 1 0 0 0 
A^233 --> order: 233	poly: 243
1 1 0 0 1 1 1 1 
1 1 0 1 1 1 1 1 
1 1 0 1 0 1 1 1 
1 1 0 1 0 0 1 1 
1 1 0 1 0 0 0 1 
1 1 0 1 0 0 0 0 
0 1 1 0 1 0 0 0 
0 0 1 1 0 1 0 0 
A^234 --> order: 234	poly: 251
1 1 0 1 1 1 1 1 
1 1 0 1 0 1 1 1 
1 1 0 1 0 0 1 1 
1 1 0 1 0 0 0 1 
1 1 0 1 0 0 0 0 
0 1 1 0 1 0 0 0 
0 0 1 1 0 1 0 0 
0 0 0 1 1 0 1 0 
A^235 --> order: 235	poly: 235
1 1 0 1 0 1 1 1 
1 1 0 1 0 0 1 1 
1 1 0 1 0 0 0 1 
1 1 0 1 0 0 0 0 
0 1 1 0 1 0 0 0 
0 0 1 1 0 1 0 0 
0 0 0 1 1 0 1 0 
0 0 0 0 1 1 0 1 
A^236 --> order: 236	poly: 203
1 1 0 1 0 0 1 1 
1 1 0 1 0 0 0 1 
1 1 0 1 0 0 0 0 
0 1 1 0 1 0 0 0 
0 0 1 1 0 1 0 0 
0 0 0 1 1 0 1 0 
0 0 0 0 1 1 0 1 
1 0 1 1 1 1 1 0 
A^237 --> order: 237	poly: 139
1 1 0 1 0 0 0 1 
1 1 0 1 0 0 0 0 
0 1 1 0 1 0 0 0 
0 0 1 1 0 1 0 0 
0 0 0 1 1 0 1 0 
0 0 0 0 1 1 0 1 
1 0 1 1 1 1 1 0 
0 1 0 1 1 1 1 1 
A^238 --> order: 238	poly: 11
1 1 0 1 0 0 0 0 
0 1 1 0 1 0 0 0 
0 0 1 1 0 1 0 0 
0 0 0 1 1 0 1 0 
0 0 0 0 1 1 0 1 
1 0 1 1 1 1 1 0 
0 1 0 1 1 1 1 1 
1 0 0 1 0 1 1 1 
A^239 --> order: 239	poly: 22
0 1 1 0 1 0 0 0 
0 0 1 1 0 1 0 0 
0 0 0 1 1 0 1 0 
0 0 0 0 1 1 0 1 
1 0 1 1 1 1 1 0 
0 1 0 1 1 1 1 1 
1 0 0 1 0 1 1 1 
1 1 1 1 0 0 1 1 
A^240 --> order: 240	poly: 44
0 0 1 1 0 1 0 0 
0 0 0 1 1 0 1 0 
0 0 0 0 1 1 0 1 
1 0 1 1 1 1 1 0 
0 1 0 1 1 1 1 1 
1 0 0 1 0 1 1 1 
1 1 1 1 0 0 1 1 
1 1 0 0 0 0 0 1 
A^241 --> order: 241	poly: 88
0 0 0 1 1 0 1 0 
0 0 0 0 1 1 0 1 
1 0 1 1 1 1 1 0 
0 1 0 1 1 1 1 1 
1 0 0 1 0 1 1 1 
1 1 1 1 0 0 1 1 
1 1 0 0 0 0 0 1 
1 1 0 1 1 0 0 0 
A^242 --> order: 242	poly: 176
0 0 0 0 1 1 0 1 
1 0 1 1 1 1 1 0 
0 1 0 1 1 1 1 1 
1 0 0 1 0 1 1 1 
1 1 1 1 0 0 1 1 
1 1 0 0 0 0 0 1 
1 1 0 1 1 0 0 0 
0 1 1 0 1 1 0 0 
A^243 --> order: 243	poly: 125
1 0 1 1 1 1 1 0 
0 1 0 1 1 1 1 1 
1 0 0 1 0 1 1 1 
1 1 1 1 0 0 1 1 
1 1 0 0 0 0 0 1 
1 1 0 1 1 0 0 0 
0 1 1 0 1 1 0 0 
0 0 1 1 0 1 1 0 
A^244 --> order: 244	poly: 250
0 1 0 1 1 1 1 1 
1 0 0 1 0 1 1 1 
1 1 1 1 0 0 1 1 
1 1 0 0 0 0 0 1 
1 1 0 1 1 0 0 0 
0 1 1 0 1 1 0 0 
0 0 1 1 0 1 1 0 
0 0 0 1 1 0 1 1 
A^245 --> order: 245	poly: 233
1 0 0 1 0 1 1 1 
1 1 1 1 0 0 1 1 
1 1 0 0 0 0 0 1 
1 1 0 1 1 0 0 0 
0 1 1 0 1 1 0 0 
0 0 1 1 0 1 1 0 
0 0 0 1 1 0 1 1 
1 0 1 1 0 1 0 1 
A^246 --> order: 246	poly: 207
1 1 1 1 0 0 1 1 
1 1 0 0 0 0 0 1 
1 1 0 1 1 0 0 0 
0 1 1 0 1 1 0 0 
0 0 1 1 0 1 1 0 
0 0 0 1 1 0 1 1 
1 0 1 1 0 1 0 1 
1 1 1 0 0 0 1 0 
A^247 --> order: 247	poly: 131
1 1 0 0 0 0 0 1 
1 1 0 1 1 0 0 0 
0 1 1 0 1 1 0 0 
0 0 1 1 0 1 1 0 
0 0 0 1 1 0 1 1 
1 0 1 1 0 1 0 1 
1 1 1 0 0 0 1 0 
0 1 1 1 0 0 0 1 
A^248 --> order: 248	poly: 27
1 1 0 1 1 0 0 0 
0 1 1 0 1 1 0 0 
0 0 1 1 0 1 1 0 
0 0 0 1 1 0 1 1 
1 0 1 1 0 1 0 1 
1 1 1 0 0 0 1 0 
0 1 1 1 0 0 0 1 
1 0 0 0 0 0 0 0 
A^249 --> order: 249	poly: 54
0 1 1 0 1 1 0 0 
0 0 1 1 0 1 1 0 
0 0 0 1 1 0 1 1 
1 0 1 1 0 1 0 1 
1 1 1 0 0 0 1 0 
0 1 1 1 0 0 0 1 
1 0 0 0 0 0 0 0 
0 1 0 0 0 0 0 0 
A^250 --> order: 250	poly: 108
0 0 1 1 0 1 1 0 
0 0 0 1 1 0 1 1 
1 0 1 1 0 1 0 1 
1 1 1 0 0 0 1 0 
0 1 1 1 0 0 0 1 
1 0 0 0 0 0 0 0 
0 1 0 0 0 0 0 0 
0 0 1 0 0 0 0 0 
A^251 --> order: 251	poly: 216
0 0 0 1 1 0 1 1 
1 0 1 1 0 1 0 1 
1 1 1 0 0 0 1 0 
0 1 1 1 0 0 0 1 
1 0 0 0 0 0 0 0 
0 1 0 0 0 0 0 0 
0 0 1 0 0 0 0 0 
0 0 0 1 0 0 0 0 
A^252 --> order: 252	poly: 173
1 0 1 1 0 1 0 1 
1 1 1 0 0 0 1 0 
0 1 1 1 0 0 0 1 
1 0 0 0 0 0 0 0 
0 1 0 0 0 0 0 0 
0 0 1 0 0 0 0 0 
0 0 0 1 0 0 0 0 
0 0 0 0 1 0 0 0 
A^253 --> order: 253	poly: 71
1 1 1 0 0 0 1 0 
0 1 1 1 0 0 0 1 
1 0 0 0 0 0 0 0 
0 1 0 0 0 0 0 0 
0 0 1 0 0 0 0 0 
0 0 0 1 0 0 0 0 
0 0 0 0 1 0 0 0 
0 0 0 0 0 1 0 0 
A^254 --> order: 254	poly: 142
0 1 1 1 0 0 0 1 
1 0 0 0 0 0 0 0 
0 1 0 0 0 0 0 0 
0 0 1 0 0 0 0 0 
0 0 0 1 0 0 0 0 
0 0 0 0 1 0 0 0 
0 0 0 0 0 1 0 0 
0 0 0 0 0 0 1 0 
